ship 0.8877 266 468 830 550
ship 0.0951 298 502 778 547
ship 0.0211 11 482 319 528
ship 0.0204 123 481 426 538
ship 0.0201 185 516 282 537
ship 0.0135 399 485 807 540
ship 0.0067 637 480 853 533
ship 0.0066 192 496 279 530
ship 0.0051 1674 456 1897 512
ship 0.0048 781 465 1187 513
ship 0.0048 140 504 398 543
ship 0.0045 67 443 784 539
ship 0.0029 248 484 622 540
ship 0.0028 359 447 992 533
ship 0.0028 163 497 250 527
ship 0.0024 755 495 820 527
ship 0.0023 -14 464 280 518
ship 0.0022 260 499 534 550
ship 0.0021 -8 464 375 545
ship 0.0021 281 515 352 542
ship 0.0020 311 513 394 545
ship 0.0018 643 441 1361 525
ship 0.0015 190 471 286 543
ship 0.0013 710 496 801 530
ship 0.0011 64 495 181 520
ship 0.0011 656 458 921 523
ship 0.0010 819 488 1146 519
ship 0.0010 960 465 1368 510
