ship 0.4402 216 506 727 582
ship 0.0455 636 540 722 569
ship 0.0432 207 526 584 571
ship 0.0113 1461 537 1529 556
ship 0.0110 1276 507 1551 556
ship 0.0109 1485 509 1810 550
ship 0.0107 1503 535 1558 552
ship 0.0090 1298 536 1397 556
ship 0.0069 649 554 722 570
ship 0.0064 1245 526 1517 560
ship 0.0063 1417 537 1510 558
ship 0.0063 192 503 467 567
ship 0.0062 576 529 766 569
ship 0.0057 96 486 629 571
ship 0.0056 1275 538 1357 556
ship 0.0047 675 539 742 566
ship 0.0044 1534 533 1602 552
ship 0.0036 394 525 725 571
ship 0.0029 1494 522 1570 547
ship 0.0027 0 366 120 588
ship 0.0026 1558 532 1644 554
ship 0.0024 10 428 178 598
ship 0.0018 1425 477 1884 552
ship 0.0017 1523 521 1612 548
ship 0.0017 1375 536 1479 557
ship 0.0015 636 521 729 575
ship 0.0014 219 534 329 569
ship 0.0013 1451 522 1536 548
ship 0.0012 1332 536 1439 555
ship 0.0012 1 498 196 547
ship 0.0012 613 554 700 570
ship 0.0012 851 471 1729 555
ship 0.0010 221 538 283 566
ship 0.0010 1297 522 1399 547
ship 0.0010 555 503 790 566
ship 0.0010 -68 464 420 558
