ship 0.8970 1172 520 1521 572
ship 0.2794 1126 479 1520 571
ship 0.0054 1449 538 1517 566
ship 0.0049 -3 510 46 630
ship 0.0046 1528 500 1895 549
ship 0.0039 -4 549 47 594
ship 0.0033 1137 504 1444 562
ship 0.0031 1146 406 1564 581
ship 0.0030 716 450 1904 604
ship 0.0026 1490 537 1548 561
ship 0.0023 1326 524 1555 568
ship 0.0021 1136 482 1848 558
ship 0.0021 0 567 45 608
ship 0.0018 1192 498 1619 590
ship 0.0013 1460 553 1516 571
ship 0.0013 1013 373 1868 562
ship 0.0013 -9 688 1931 1056
ship 0.0012 1395 538 1515 569
