ship 0.3783 7 -60 1913 801
ship 0.2056 11 354 1914 1224
ship 0.0774 74 561 657 860
ship 0.0348 1535 244 1756 321
ship 0.0333 1630 282 1729 318
ship 0.0182 1136 292 1579 415
ship 0.0135 19 738 387 879
ship 0.0123 36 675 1897 1074
ship 0.0099 -52 348 841 898
ship 0.0086 1592 243 1826 307
ship 0.0078 1640 218 1848 295
ship 0.0058 1496 202 1821 325
ship 0.0056 70 696 459 854
ship 0.0054 1070 319 1518 447
ship 0.0053 708 539 961 607
ship 0.0039 1596 270 1757 318
ship 0.0033 9 801 193 882
ship 0.0027 1473 269 1745 330
ship 0.0025 93 656 560 814
ship 0.0023 15 642 531 903
ship 0.0022 656 500 1032 619
ship 0.0020 685 556 915 621
ship 0.0020 1640 144 1828 306
ship 0.0016 264 56 1918 544
ship 0.0015 -57 6 1474 429
ship 0.0015 81 845 163 876
ship 0.0014 39 484 1025 793
ship 0.0014 43 843 139 878
ship 0.0012 1650 262 1769 303
ship 0.0010 -58 66 893 350
