ship 0.9913 142 445 1499 620
ship 0.0393 77 298 1565 623
ship 0.0193 98 459 742 598
ship 0.0165 539 494 756 533
ship 0.0162 593 511 691 536
ship 0.0113 791 513 870 531
ship 0.0112 -6 413 111 616
ship 0.0074 482 503 1508 618
ship 0.0069 667 495 922 528
ship 0.0067 824 491 1056 533
ship 0.0062 575 512 650 533
ship 0.0058 634 513 725 534
ship 0.0057 707 503 803 526
ship 0.0056 934 514 1021 535
ship 0.0054 757 513 836 531
ship 0.0053 178 473 448 549
ship 0.0046 826 513 903 531
ship 0.0045 977 514 1051 535
ship 0.0045 678 513 758 531
ship 0.0044 671 503 767 526
ship 0.0042 721 513 794 530
ship 0.0039 815 503 913 526
ship 0.0039 1016 510 1511 630
ship 0.0038 567 503 659 528
ship 0.0038 616 429 1786 628
ship 0.0036 778 504 881 527
ship 0.0034 897 513 989 534
ship 0.0020 -19 448 256 589
ship 0.0018 863 513 945 533
ship 0.0017 1 372 184 575
ship 0.0016 21 466 176 643
ship 0.0015 925 502 1027 528
ship 0.0015 740 504 847 526
ship 0.0015 89 500 1184 610
ship 0.0013 1009 514 1090 536
ship 0.0013 630 504 733 526
ship 0.0012 887 502 997 527
ship 0.0011 968 501 1059 528
ship 0.0010 566 500 806 544
ship 0.0010 -4 569 105 609
ship 0.0010 -31 417 437 546
ship 0.0010 972 488 1210 536
