ship 0.9178 303 465 1272 629
ship 0.0273 142 513 847 630
ship 0.0152 682 499 1251 621
ship 0.0113 261 360 1583 613
ship 0.0104 1835 532 1906 558
ship 0.0085 1861 529 1919 564
ship 0.0069 236 581 614 638
ship 0.0050 1862 478 1925 580
ship 0.0049 1119 342 1901 550
ship 0.0044 -41 494 408 615
ship 0.0042 1816 487 1913 570
ship 0.0036 1037 538 1255 604
ship 0.0036 424 537 1282 632
ship 0.0033 784 562 1233 615
ship 0.0029 2 403 196 630
ship 0.0028 1859 508 1919 556
ship 0.0025 -28 437 891 637
ship 0.0018 1823 511 1909 557
ship 0.0016 1124 466 1909 548
ship 0.0015 735 413 1361 566
ship 0.0015 1150 557 1231 594
ship 0.0012 1600 540 1682 558
ship 0.0011 -12 346 251 691
ship 0.0010 1565 540 1653 557
