ship 0.5832 966 523 1300 580
ship 0.0312 887 487 1316 579
ship 0.0299 -85 479 902 551
ship 0.0194 997 502 1375 592
ship 0.0159 1453 513 1693 552
ship 0.0152 1343 535 1429 553
ship 0.0137 1102 528 1338 571
ship 0.0100 759 525 972 563
ship 0.0087 1378 535 1456 553
ship 0.0080 1223 541 1305 569
ship 0.0070 1520 533 1617 552
ship 0.0061 1649 474 1912 546
ship 0.0060 1492 534 1577 551
ship 0.0053 -22 500 364 547
ship 0.0050 929 522 1133 577
ship 0.0041 966 550 1055 577
ship 0.0040 782 534 877 555
ship 0.0036 769 538 829 554
ship 0.0034 413 510 800 545
ship 0.0032 1555 534 1650 553
ship 0.0026 1337 524 1432 548
ship 0.0025 1511 522 1621 548
ship 0.0021 958 539 1022 570
ship 0.0019 1308 537 1389 555
ship 0.0019 1266 539 1334 561
ship 0.0018 1861 431 1923 545
ship 0.0015 806 533 922 555
ship 0.0014 1238 553 1302 574
ship 0.0013 1803 470 1916 547
ship 0.0013 1593 505 1909 544
ship 0.0013 226 507 685 545
ship 0.0011 753 512 1042 553
ship 0.0011 1206 514 1486 552
ship 0.0011 1308 512 1614 551
ship 0.0011 1463 535 1532 551
ship 0.0011 734 537 791 551
ship 0.0011 95 508 532 547
ship 0.0011 1396 477 1911 553
ship 0.0010 1421 536 1492 552
ship 0.0010 919 541 981 562
