ship 0.6465 9 522 381 574
ship 0.4502 28 474 373 580
ship 0.0157 1292 534 1401 557
ship 0.0137 1251 525 1461 562
ship 0.0065 1272 536 1356 557
ship 0.0030 758 508 1130 558
ship 0.0028 1063 511 1324 549
ship 0.0023 1645 475 1916 546
ship 0.0022 1293 524 1404 549
ship 0.0021 366 510 714 547
ship 0.0020 1483 513 1801 550
ship 0.0020 1250 538 1311 556
ship 0.0017 1863 427 1923 549
ship 0.0016 1192 512 1447 556
ship 0.0013 1804 467 1917 550
ship 0.0013 304 539 368 564
ship 0.0013 1528 534 1610 551
ship 0.0013 176 505 418 566
ship 0.0012 1597 507 1902 544
ship 0.0011 1055 537 1126 553
ship 0.0011 248 540 366 568
