ship 0.8723 1429 528 1626 572
ship 0.2929 675 522 1053 572
ship 0.1213 620 488 1079 575
ship 0.0936 1399 497 1609 571
ship 0.0455 1458 538 1595 569
ship 0.0181 1039 507 1429 551
ship 0.0116 1424 539 1521 567
ship 0.0106 1437 549 1573 574
ship 0.0069 932 537 1018 565
ship 0.0055 630 520 829 574
ship 0.0048 1533 501 1912 547
ship 0.0047 786 503 1082 565
ship 0.0045 1006 485 1704 561
ship 0.0037 657 536 726 567
ship 0.0034 1317 482 1838 564
ship 0.0031 668 533 769 569
ship 0.0031 1452 499 1751 559
ship 0.0026 854 525 1080 565
ship 0.0019 268 504 656 548
ship 0.0019 1275 499 1574 559
ship 0.0017 670 546 991 578
ship 0.0017 703 481 1421 554
ship 0.0017 1474 514 1579 559
ship 0.0017 1514 515 1604 556
ship 0.0015 1299 519 1389 544
ship 0.0015 975 536 1036 560
ship 0.0014 1045 525 1360 560
ship 0.0013 670 551 756 575
ship 0.0013 1605 480 1894 541
ship 0.0013 1187 508 1500 547
ship 0.0011 624 501 912 566
