ship 0.8653 763 520 1049 579
ship 0.6048 -8 524 201 573
ship 0.0221 57 538 184 570
ship 0.0219 712 487 1115 577
ship 0.0127 769 544 976 580
ship 0.0099 36 499 271 565
ship 0.0077 15 440 193 587
ship 0.0068 64 551 185 575
ship 0.0057 27 545 206 579
ship 0.0045 395 504 749 548
ship 0.0039 838 500 1096 566
ship 0.0036 773 535 894 573
ship 0.0034 1249 505 1596 557
ship 0.0030 766 536 840 568
ship 0.0024 1065 507 1486 552
ship 0.0023 797 552 933 577
ship 0.0022 974 535 1038 564
ship 0.0020 1414 540 1509 559
ship 0.0020 104 536 204 567
ship 0.0020 104 480 848 558
ship 0.0019 881 479 1567 564
ship 0.0015 926 536 1026 569
ship 0.0015 1484 504 1885 548
ship 0.0013 0 454 49 602
ship 0.0012 681 497 928 566
ship 0.0011 -75 351 1971 539
ship 0.0011 -19 469 358 571
ship 0.0010 65 487 183 572
ship 0.0010 -13 490 154 574
