ship 0.8527 1136 467 1741 566
ship 0.0588 1108 378 1717 564
ship 0.0144 1071 430 1562 542
ship 0.0075 3 787 93 896
ship 0.0061 -7 756 57 883
ship 0.0043 -8 705 390 1081
ship 0.0040 0 821 61 864
ship 0.0038 988 473 1098 497
ship 0.0034 0 727 111 973
ship 0.0031 1125 504 1569 548
ship 0.0031 1331 504 1731 558
ship 0.0031 1109 476 1313 537
ship 0.0029 919 475 975 506
ship 0.0028 -1 772 201 1010
ship 0.0028 924 495 972 524
ship 0.0019 -2 803 60 850
ship 0.0017 958 465 1138 506
ship 0.0015 942 473 1010 506
ship 0.0012 1123 490 1212 529
ship 0.0011 1132 479 1436 543
ship 0.0011 1126 432 1880 595
ship 0.0011 925 510 971 546
ship 0.0010 1521 493 1742 563
