ship 0.9112 118 488 683 571
ship 0.7046 777 502 1112 560
ship 0.0240 120 506 522 562
ship 0.0215 624 481 1130 556
ship 0.0107 1049 538 1114 562
ship 0.0091 715 420 1152 563
ship 0.0080 1012 537 1091 562
ship 0.0077 1236 526 1472 562
ship 0.0059 1652 474 1912 547
ship 0.0055 551 537 658 568
ship 0.0054 265 504 704 560
ship 0.0048 589 524 830 565
ship 0.0047 597 536 667 564
ship 0.0041 1269 537 1356 559
ship 0.0040 7 506 97 545
ship 0.0029 1290 535 1399 557
ship 0.0029 466 507 717 563
ship 0.0026 -26 498 211 548
ship 0.0022 70 444 767 600
ship 0.0020 1470 513 1736 554
ship 0.0019 1043 525 1343 564
ship 0.0019 4 480 102 575
ship 0.0016 885 507 1189 556
ship 0.0016 669 535 762 557
ship 0.0014 1061 555 1112 570
ship 0.0014 726 537 788 558
ship 0.0014 1863 427 1923 549
ship 0.0013 795 531 868 559
ship 0.0013 777 535 826 557
ship 0.0011 1603 505 1906 546
ship 0.0011 517 510 828 553
ship 0.0011 1329 534 1432 556
