ship 0.8262 356 485 921 575
ship 0.5700 740 526 913 573
ship 0.1330 774 538 889 570
ship 0.0734 397 523 825 569
ship 0.0305 14 502 386 547
ship 0.0176 739 500 969 566
ship 0.0067 385 500 703 565
ship 0.0038 781 486 888 573
ship 0.0038 614 521 910 571
ship 0.0035 362 517 578 572
ship 0.0024 768 552 850 573
ship 0.0019 506 503 989 586
ship 0.0013 -22 472 525 546
ship 0.0012 813 514 900 558
ship 0.0011 311 418 961 571
ship 0.0011 486 506 871 556
ship 0.0010 1586 481 1909 539
ship 0.0010 899 507 1218 552
