ship 0.7399 650 502 951 565
ship 0.1220 618 480 1053 567
ship 0.0156 1345 536 1425 552
ship 0.0131 873 555 928 571
ship 0.0122 1052 540 1131 559
ship 0.0087 1304 536 1397 552
ship 0.0063 682 534 769 567
ship 0.0056 728 526 974 566
ship 0.0053 859 540 930 568
ship 0.0046 1084 539 1160 557
ship 0.0044 1529 533 1610 552
ship 0.0033 1384 537 1456 553
ship 0.0032 836 504 1190 557
ship 0.0032 578 476 1409 560
ship 0.0031 803 540 919 568
ship 0.0025 1272 538 1357 554
ship 0.0025 1518 522 1616 548
ship 0.0025 1494 534 1572 551
ship 0.0023 1461 513 1686 552
ship 0.0022 1241 527 1459 560
ship 0.0020 545 507 844 554
ship 0.0020 869 525 1158 564
ship 0.0020 1337 526 1428 547
ship 0.0017 832 554 915 569
ship 0.0016 1008 539 1106 558
ship 0.0016 669 538 722 563
ship 0.0015 1548 502 1884 553
ship 0.0014 1861 507 1913 550
ship 0.0014 -84 474 883 554
ship 0.0013 1558 534 1644 553
ship 0.0013 1461 536 1531 552
ship 0.0012 1243 539 1313 554
ship 0.0012 1861 456 1922 562
ship 0.0012 1486 523 1581 546
ship 0.0011 1870 526 1911 561
ship 0.0010 563 421 1112 557
ship 0.0010 899 556 959 575
ship 0.0010 1299 526 1401 547
ship 0.0010 1805 464 1915 555
