ship 0.8953 1158 482 1722 561
ship 0.0125 -2 771 106 869
ship 0.0117 1104 440 1678 544
ship 0.0110 1468 498 1719 566
ship 0.0104 1181 502 1596 550
ship 0.0082 1271 526 1719 562
ship 0.0053 1170 484 1472 540
ship 0.0049 -14 664 398 1040
ship 0.0040 1446 522 1676 565
ship 0.0013 0 725 199 977
ship 0.0012 1590 533 1680 565
ship 0.0011 924 511 973 546
ship 0.0011 2 680 108 938
ship 0.0011 12 789 150 890
ship 0.0010 -2 837 187 921
ship 0.0010 922 459 972 595
ship 0.0010 921 496 975 528
ship 0.0010 2 800 114 853
