ship 0.8973 544 489 976 571
ship 0.1411 1571 525 1802 578
ship 0.0207 38 474 728 544
ship 0.0159 17 420 520 537
ship 0.0085 557 521 899 568
ship 0.0064 277 507 567 542
ship 0.0063 1549 503 1896 595
ship 0.0053 211 482 560 540
ship 0.0028 408 517 502 542
ship 0.0024 1870 532 1915 572
ship 0.0024 525 500 793 561
ship 0.0020 14 372 1593 537
ship 0.0019 777 498 1004 561
ship 0.0017 518 417 1014 573
ship 0.0014 1818 536 1920 569
ship 0.0011 1821 504 1918 592
ship 0.0011 1874 461 1918 600
ship 0.0010 639 478 941 551
