ship 0.5405 1334 505 1643 561
ship 0.0350 1564 536 1631 557
ship 0.0320 1677 500 1900 546
ship 0.0313 1306 521 1562 564
ship 0.0159 1516 536 1624 558
ship 0.0138 1599 536 1667 557
ship 0.0068 -16 504 360 546
ship 0.0066 1637 535 1710 556
ship 0.0062 1338 533 1431 562
ship 0.0054 1320 537 1389 561
ship 0.0053 1493 510 1773 552
ship 0.0041 1272 507 1524 557
ship 0.0033 1358 533 1481 561
ship 0.0031 1389 535 1526 559
ship 0.0028 1550 522 1642 552
ship 0.0028 1450 526 1657 558
ship 0.0027 755 507 1071 560
ship 0.0026 1504 521 1622 554
ship 0.0018 1380 475 1945 555
ship 0.0018 1804 469 1916 548
ship 0.0016 1060 489 1722 561
ship 0.0015 1862 428 1923 548
ship 0.0015 1705 383 1912 571
ship 0.0015 766 539 827 557
ship 0.0013 1633 523 1721 548
ship 0.0012 1285 539 1349 559
ship 0.0012 1589 523 1681 548
ship 0.0012 1148 522 1249 545
ship 0.0012 1577 508 1869 549
ship 0.0012 -80 479 892 553
ship 0.0012 1725 513 1862 539
ship 0.0011 1320 344 1982 555
ship 0.0011 1056 538 1126 553
ship 0.0011 1864 504 1910 549
