ship 0.8316 1049 487 1502 578
ship 0.0866 1040 523 1440 576
ship 0.0084 1256 518 1488 573
ship 0.0066 1463 506 1832 553
ship 0.0045 762 510 1117 550
ship 0.0035 1280 500 1539 563
ship 0.0024 801 526 1078 561
ship 0.0021 1080 545 1460 581
ship 0.0019 1035 518 1244 576
ship 0.0018 1422 534 1480 563
ship 0.0017 1145 502 1466 565
ship 0.0015 1029 499 1320 568
ship 0.0014 1292 474 1871 556
ship 0.0013 1368 500 1628 556
ship 0.0012 1375 535 1463 567
ship 0.0011 930 535 1019 556
ship 0.0010 968 416 1493 572
ship 0.0010 894 536 993 557
