ship 0.6181 127 470 551 584
ship 0.0499 169 519 539 581
ship 0.0169 44 677 1827 1082
ship 0.0157 2 520 181 571
ship 0.0076 -3 414 114 616
ship 0.0075 -78 460 477 573
ship 0.0057 2 480 105 580
ship 0.0048 14 528 98 570
ship 0.0037 2 373 186 576
ship 0.0036 -28 451 260 585
ship 0.0024 430 100 2030 1144
ship 0.0016 49 434 722 609
ship 0.0013 30 522 321 571
ship 0.0012 177 555 241 580
ship 0.0011 -7 477 53 582
ship 0.0011 13 461 176 648
ship 0.0010 813 342 1882 911
ship 0.0010 -1 498 266 565
ship 0.0010 1140 698 1897 1043
