ship 0.2290 1007 336 1415 465
ship 0.2256 928 368 1378 499
ship 0.2226 428 645 632 695
ship 0.0969 208 731 411 778
ship 0.0967 1071 398 1322 451
ship 0.0862 66 771 264 832
ship 0.0816 464 631 668 679
ship 0.0528 839 501 1026 553
ship 0.0464 35 706 488 832
ship 0.0444 985 411 1191 484
ship 0.0429 363 589 879 699
ship 0.0429 56 787 209 852
ship 0.0427 1017 390 1235 468
ship 0.0355 238 629 730 739
ship 0.0350 809 329 1414 556
ship 0.0298 539 607 743 656
ship 0.0291 1060 297 1507 428
ship 0.0281 244 712 450 763
ship 0.0258 729 545 920 592
ship 0.0250 810 521 993 569
ship 0.0245 261 741 362 772
ship 0.0241 1044 418 1271 465
ship 0.0229 1112 372 1353 441
ship 0.0227 55 823 143 857
ship 0.0215 1487 303 1566 335
ship 0.0211 1448 216 1877 327
ship 0.0207 1507 255 1776 307
ship 0.0177 855 532 953 565
ship 0.0173 696 564 883 608
ship 0.0172 396 663 586 714
ship 0.0170 1198 351 1409 418
ship 0.0159 745 575 844 603
ship 0.0158 819 552 906 581
ship 0.0152 92 751 309 813
ship 0.0151 610 586 822 631
ship 0.0145 950 430 1150 502
ship 0.0130 435 546 959 662
ship 0.0125 80 800 182 847
ship 0.0112 93 666 569 790
ship 0.0110 823 401 1200 552
ship 0.0106 318 687 516 738
ship 0.0104 714 264 1527 509
ship 0.0103 444 673 541 707
ship 0.0102 167 748 371 795
ship 0.0093 923 512 1015 542
ship 0.0092 871 478 1071 538
ship 0.0078 555 637 653 667
ship 0.0077 1451 323 1525 353
ship 0.0075 1490 255 1575 345
ship 0.0073 475 657 590 689
ship 0.0072 224 758 320 789
ship 0.0070 294 738 389 767
ship 0.0068 513 643 624 675
ship 0.0063 593 619 696 650
ship 0.0063 1278 332 1476 391
ship 0.0059 779 559 882 590
ship 0.0058 513 653 613 684
ship 0.0055 779 571 866 598
ship 0.0051 708 593 799 619
ship 0.0050 1405 291 1579 349
ship 0.0047 51 811 189 857
ship 0.0047 1451 269 1613 337
ship 0.0047 882 529 980 559
ship 0.0046 881 516 989 550
ship 0.0044 335 719 434 750
ship 0.0043 444 661 559 699
ship 0.0041 1491 285 1576 329
ship 0.0040 917 452 1115 519
ship 0.0039 1165 396 1365 440
ship 0.0037 1462 274 1754 320
ship 0.0037 1106 431 1211 461
ship 0.0037 668 598 774 626
ship 0.0036 189 764 290 796
ship 0.0036 296 725 402 758
ship 0.0035 1169 295 1673 400
ship 0.0034 1360 256 1813 354
ship 0.0033 1515 301 1597 330
ship 0.0033 1414 343 1490 371
ship 0.0032 1368 311 1535 366
ship 0.0032 1298 385 1379 415
ship 0.0031 629 614 726 643
ship 0.0030 1225 409 1323 436
ship 0.0030 -109 -104 1490 841
ship 0.0030 854 488 958 568
ship 0.0028 225 746 333 780
ship 0.0027 15 747 386 851
ship 0.0027 147 782 249 814
ship 0.0027 527 503 1009 621
ship 0.0026 852 550 937 577
ship 0.0026 707 581 814 611
ship 0.0026 1336 366 1421 397
ship 0.0025 1120 416 1337 459
ship 0.0025 1377 347 1468 377
ship 0.0025 1070 446 1166 479
ship 0.0025 907 284 1388 448
ship 0.0024 373 701 473 734
ship 0.0024 423 678 512 713
ship 0.0023 1265 406 1340 432
ship 0.0023 1143 428 1251 455
ship 0.0023 1260 390 1359 422
ship 0.0023 1070 432 1174 470
ship 0.0022 1511 287 1607 322
ship 0.0022 966 511 1045 536
ship 0.0022 42 591 682 805
ship 0.0021 257 143 1699 586
ship 0.0020 826 537 920 573
ship 0.0019 525 622 745 671
ship 0.0019 1453 309 1544 344
ship 0.0019 34 222 1895 1185
ship 0.0019 1485 322 1556 349
ship 0.0018 80 751 179 847
ship 0.0017 52 839 125 866
ship 0.0017 1415 328 1508 361
ship 0.0017 969 493 1061 524
ship 0.0017 1180 413 1295 442
ship 0.0016 1186 428 1284 451
ship 0.0015 1474 245 1669 323
ship 0.0014 789 540 999 586
ship 0.0014 48 802 136 871
ship 0.0014 1552 228 1799 299
ship 0.0014 1043 253 1549 392
ship 0.0013 107 786 222 823
ship 0.0013 592 634 682 662
ship 0.0013 474 641 595 681
ship 0.0013 754 447 1115 586
ship 0.0013 998 490 1087 517
ship 0.0012 12 655 387 808
ship 0.0012 451 635 547 709
ship 0.0011 838 366 1022 586
ship 0.0011 1296 370 1397 405
ship 0.0011 74 184 1327 710
ship 0.0011 657 541 857 611
ship 0.0010 409 696 496 725
ship 0.0010 1239 374 1430 420
ship 0.0010 1039 401 1141 488
