ship 0.8970 731 473 864 505
ship 0.3600 1809 506 1919 595
ship 0.1215 1814 547 1915 587
ship 0.0238 276 440 360 462
ship 0.0173 1858 473 1926 586
ship 0.0141 308 449 382 467
ship 0.0119 735 438 854 500
ship 0.0105 1849 527 1922 580
ship 0.0098 1798 416 1921 612
ship 0.0097 731 488 866 508
ship 0.0074 549 446 885 488
ship 0.0064 287 451 352 465
ship 0.0063 726 478 819 500
ship 0.0056 715 460 985 506
ship 0.0039 1857 504 1919 561
ship 0.0038 522 445 757 482
ship 0.0037 1795 555 1886 581
ship 0.0028 284 419 650 470
ship 0.0020 258 430 455 464
ship 0.0018 489 419 799 481
ship 0.0017 1738 473 1906 635
ship 0.0017 914 519 970 541
ship 0.0016 197 397 1063 475
ship 0.0015 909 497 969 522
ship 0.0015 1813 483 1962 576
ship 0.0013 582 454 700 480
ship 0.0011 622 441 1199 515
