ship 0.7208 395 562 621 629
ship 0.0248 24 488 600 611
ship 0.0219 346 510 653 633
ship 0.0197 7 445 398 606
ship 0.0118 1380 516 1458 537
ship 0.0080 5 479 101 581
ship 0.0068 412 594 521 629
ship 0.0053 20 530 96 576
ship 0.0049 60 447 970 621
ship 0.0038 249 352 1959 553
ship 0.0032 542 431 1593 530
ship 0.0030 503 580 617 615
ship 0.0030 1149 506 1461 543
ship 0.0029 415 538 576 652
ship 0.0025 1352 518 1428 536
ship 0.0017 6 317 378 637
ship 0.0017 -8 475 55 585
ship 0.0014 2 516 206 577
ship 0.0010 -2 532 60 572
ship 0.0010 38 342 769 600
