ship 0.9448 199 521 380 568
ship 0.0395 1248 515 1456 553
ship 0.0211 1271 533 1357 554
ship 0.0199 1291 531 1396 555
ship 0.0193 1478 513 1728 552
ship 0.0185 1658 477 1912 546
ship 0.0066 -50 470 422 564
ship 0.0050 384 509 698 545
ship 0.0044 151 507 360 563
ship 0.0040 1251 537 1313 553
ship 0.0037 219 502 448 564
ship 0.0033 1325 532 1432 554
ship 0.0032 142 483 426 574
ship 0.0027 1265 524 1368 549
ship 0.0026 5 498 192 546
ship 0.0023 1053 536 1128 552
ship 0.0021 1207 488 1803 569
ship 0.0021 203 537 305 565
ship 0.0021 8 440 185 588
ship 0.0018 0 372 120 581
ship 0.0017 1053 510 1340 548
ship 0.0015 1806 466 1916 552
ship 0.0015 1726 513 1858 539
ship 0.0014 1617 506 1895 544
ship 0.0014 1864 455 1921 562
ship 0.0014 1493 533 1569 552
ship 0.0014 1173 504 1735 602
ship 0.0013 789 536 866 556
ship 0.0012 768 538 829 554
ship 0.0011 1136 513 1425 551
ship 0.0011 945 511 1226 551
ship 0.0011 -31 418 280 551
ship 0.0010 1485 522 1579 546
ship 0.0010 1013 536 1101 552
ship 0.0010 1514 523 1620 547
