ship 0.7281 963 545 1291 600
ship 0.0236 954 520 1177 590
ship 0.0191 453 293 543 312
ship 0.0090 415 291 516 310
ship 0.0077 909 347 1844 560
ship 0.0070 938 469 1341 603
ship 0.0065 1115 549 1324 597
ship 0.0065 1266 463 1868 583
ship 0.0054 -10 194 1925 547
ship 0.0050 831 311 907 329
ship 0.0042 366 281 559 316
ship 0.0037 917 535 1276 633
ship 0.0035 494 293 567 311
ship 0.0026 1075 560 1295 606
ship 0.0022 351 260 573 312
ship 0.0020 1173 561 1285 594
ship 0.0016 979 425 1834 612
ship 0.0011 775 516 1280 596
ship 0.0010 1186 574 1281 602
ship 0.0010 307 269 391 288
ship 0.0010 1325 333 1943 578
