ship 0.7547 675 507 1134 611
ship 0.0832 729 541 1078 602
ship 0.0477 1042 577 1130 603
ship 0.0320 596 562 682 590
ship 0.0297 588 575 691 596
ship 0.0184 940 540 1157 607
ship 0.0127 654 541 950 597
ship 0.0118 547 543 815 597
ship 0.0057 568 566 661 588
ship 0.0052 1068 470 1829 573
ship 0.0051 1041 555 1131 598
ship 0.0031 783 569 1088 604
ship 0.0019 998 567 1156 606
ship 0.0018 553 569 729 601
ship 0.0018 707 572 800 601
ship 0.0016 711 520 1025 588
ship 0.0016 526 470 1078 595
ship 0.0016 500 524 789 581
ship 0.0015 813 517 1275 603
ship 0.0014 662 567 1009 603
ship 0.0013 431 455 1491 591
ship 0.0013 689 552 767 589
ship 0.0012 593 538 692 600
ship 0.0010 1048 594 1123 612
ship 0.0010 1086 575 1141 599
ship 0.0010 237 515 840 596
