ship 0.9024 69 430 743 511
ship 0.5008 1020 462 1521 542
ship 0.0886 739 465 928 516
ship 0.0742 301 464 751 512
ship 0.0289 74 444 492 496
ship 0.0197 1148 481 1516 531
ship 0.0138 769 475 890 509
ship 0.0112 998 481 1414 527
ship 0.0075 1533 457 1897 516
ship 0.0062 1406 429 1919 517
ship 0.0049 87 371 872 528
ship 0.0046 353 437 838 514
ship 0.0045 978 464 1305 516
ship 0.0036 142 460 632 506
ship 0.0023 220 444 697 495
ship 0.0021 353 481 706 518
ship 0.0016 581 463 939 507
ship 0.0011 1401 500 1488 531
