ship 0.8156 157 261 1409 438
ship 0.0493 37 97 1386 460
ship 0.0311 1270 274 1896 364
ship 0.0200 4 240 106 278
ship 0.0084 7 218 99 296
ship 0.0073 1815 644 1928 887
ship 0.0060 1239 299 1785 385
ship 0.0050 1389 318 1908 361
ship 0.0044 1815 726 1927 970
ship 0.0041 400 214 1706 411
ship 0.0040 1817 660 1901 817
ship 0.0031 972 291 1420 425
ship 0.0031 -8 226 177 289
ship 0.0029 1339 331 1410 363
ship 0.0028 1208 293 1481 360
ship 0.0025 1306 330 1387 367
ship 0.0024 1310 345 1379 379
ship 0.0020 2 188 1139 405
ship 0.0018 1248 311 1434 375
ship 0.0011 1342 344 1398 371
ship 0.0010 1292 315 1548 366
ship 0.0010 54 197 517 350
ship 0.0010 -1 222 60 265
