ship 0.8135 1337 439 1842 543
ship 0.3938 2 409 168 474
ship 0.1247 -1 347 176 515
ship 0.0224 7 422 119 469
ship 0.0163 1323 481 1815 531
ship 0.0124 -2 384 115 469
ship 0.0117 59 389 914 467
ship 0.0077 -1 386 122 555
ship 0.0050 1344 462 1740 521
ship 0.0040 1016 436 1369 497
ship 0.0034 542 386 1448 485
ship 0.0033 1653 481 1894 541
ship 0.0031 -4 229 119 478
ship 0.0028 1479 461 1922 555
ship 0.0028 -10 396 249 457
ship 0.0021 1320 373 1976 550
ship 0.0016 99 345 1006 458
ship 0.0015 1178 474 1295 498
ship 0.0015 1053 464 1340 498
ship 0.0014 -7 443 177 473
ship 0.0012 1498 498 1839 543
ship 0.0012 -1 427 61 465
ship 0.0011 1210 277 1944 507
ship 0.0010 5 268 208 597
