ship 0.4424 1464 203 1862 324
ship 0.0771 1472 270 1657 328
ship 0.0264 1472 248 1738 311
ship 0.0229 1567 206 1796 276
ship 0.0174 735 412 1255 539
ship 0.0168 -65 -80 1706 803
ship 0.0167 617 464 1099 578
ship 0.0164 987 421 1184 467
ship 0.0156 636 561 726 593
ship 0.0132 739 532 837 560
ship 0.0129 -4 324 60 440
ship 0.0122 719 504 942 551
ship 0.0100 879 381 1251 503
ship 0.0092 1125 257 1582 362
ship 0.0091 1531 232 1763 289
ship 0.0084 1493 299 1583 335
ship 0.0074 657 524 865 573
ship 0.0073 788 485 1009 528
ship 0.0070 1507 285 1619 324
ship 0.0069 810 510 915 537
ship 0.0058 1489 261 1588 335
ship 0.0057 581 550 773 595
ship 0.0056 1639 209 1839 261
ship 0.0056 1070 428 1173 456
ship 0.0055 712 538 814 566
ship 0.0053 1517 237 1619 323
ship 0.0048 44 81 1340 633
ship 0.0040 937 437 1161 485
ship 0.0037 779 516 885 543
ship 0.0033 18 679 173 759
ship 0.0031 1589 261 1696 291
ship 0.0031 -2 362 65 414
ship 0.0029 1404 263 1616 336
ship 0.0029 42 49 736 375
ship 0.0027 1033 434 1152 462
ship 0.0026 14 -3 1052 280
ship 0.0025 540 652 1914 1110
ship 0.0025 1033 398 1202 454
ship 0.0025 846 496 957 523
ship 0.0023 0 683 50 829
ship 0.0021 475 543 739 604
ship 0.0020 1 381 57 425
ship 0.0019 606 576 705 599
ship 0.0019 571 519 788 589
ship 0.0015 -26 120 413 502
ship 0.0014 1654 239 1764 270
ship 0.0014 -19 6 836 572
ship 0.0013 1109 410 1202 444
ship 0.0013 640 536 723 602
ship 0.0013 418 344 2073 1251
ship 0.0013 15 689 102 779
ship 0.0012 1471 34 1849 342
ship 0.0012 742 519 846 554
ship 0.0011 996 449 1108 477
ship 0.0011 550 564 737 606
ship 0.0011 868 460 1091 508
ship 0.0010 4 736 54 778
ship 0.0010 1690 222 1799 259
ship 0.0010 278 829 1675 1082
