ship 0.7319 202 301 1396 501
ship 0.3009 1102 479 1313 531
ship 0.1524 13 346 520 569
ship 0.0460 1661 214 1950 575
ship 0.0355 1667 408 1925 548
ship 0.0216 1704 276 1912 510
ship 0.0187 -36 351 1041 529
ship 0.0173 1062 323 1363 473
ship 0.0111 420 368 1305 502
ship 0.0085 1709 466 1936 544
ship 0.0072 245 386 1037 489
ship 0.0066 20 448 587 571
ship 0.0054 -2 178 1400 530
ship 0.0044 1117 494 1227 530
ship 0.0043 1116 455 1333 520
ship 0.0039 781 399 882 416
ship 0.0037 1171 257 1901 500
ship 0.0036 812 397 908 413
ship 0.0033 104 250 553 625
ship 0.0032 1716 434 1899 591
ship 0.0032 693 284 1728 466
ship 0.0023 1261 340 1854 543
ship 0.0021 1106 500 1289 540
ship 0.0019 1664 334 1849 535
ship 0.0018 1101 498 1170 529
ship 0.0015 1108 513 1163 535
ship 0.0015 1412 449 1668 493
ship 0.0015 1123 508 1209 535
ship 0.0014 1071 267 1350 601
ship 0.0013 608 333 1244 472
ship 0.0012 458 426 1252 514
ship 0.0010 1661 239 1851 464
ship 0.0010 1725 174 1903 452
