ship 0.8403 385 409 903 564
ship 0.2848 388 281 1853 499
ship 0.2624 750 344 1808 519
ship 0.0852 271 367 1276 547
ship 0.0148 401 289 858 581
ship 0.0108 538 453 943 557
ship 0.0039 -10 336 405 433
ship 0.0038 457 499 916 550
ship 0.0026 2 151 382 471
ship 0.0024 1247 346 1594 390
ship 0.0024 1527 364 1908 516
ship 0.0021 1705 344 1916 522
ship 0.0017 813 153 1868 551
ship 0.0014 513 433 1119 537
ship 0.0013 -3 284 515 421
ship 0.0010 971 347 1766 461
ship 0.0010 -8 255 860 509
ship 0.0010 -8 255 386 619
