ship 0.8167 972 423 1480 551
ship 0.4811 951 339 1620 537
ship 0.3931 140 273 1747 512
ship 0.3284 952 519 1053 551
ship 0.1555 59 375 1243 532
ship 0.0277 948 499 1063 555
ship 0.0166 926 498 1162 552
ship 0.0142 1041 497 1435 552
ship 0.0122 1116 257 1867 520
ship 0.0113 1272 411 1774 525
ship 0.0052 1385 205 1774 587
ship 0.0051 480 432 1203 536
ship 0.0028 717 176 1780 541
ship 0.0026 37 113 1859 484
ship 0.0024 1160 365 1706 513
ship 0.0024 96 429 1000 526
ship 0.0021 1455 457 1748 520
ship 0.0014 1077 292 1487 581
