ship 0.9601 897 423 1260 515
ship 0.7172 -12 369 336 511
ship 0.0807 990 565 1058 585
ship 0.0667 -4 470 114 545
ship 0.0137 -12 391 138 558
ship 0.0120 29 405 294 488
ship 0.0104 -40 253 281 530
ship 0.0088 -22 406 249 540
ship 0.0077 1017 574 1074 593
ship 0.0063 -12 435 57 541
ship 0.0054 983 415 1246 488
ship 0.0044 998 575 1051 592
ship 0.0042 -9 505 130 537
ship 0.0025 -8 281 134 509
ship 0.0023 -56 449 115 525
ship 0.0017 -20 263 550 495
ship 0.0017 -7 488 66 531
ship 0.0016 1568 334 1909 709
ship 0.0015 -44 339 272 698
ship 0.0013 9 491 142 531
ship 0.0013 -8 463 60 519
ship 0.0013 -2 412 103 524
ship 0.0010 870 438 1120 506
