ship 0.9317 24 388 924 551
ship 0.6867 613 365 1651 507
ship 0.5549 820 406 1596 523
ship 0.0742 133 307 1828 502
ship 0.0418 1485 356 1658 418
ship 0.0149 555 420 1307 518
ship 0.0088 50 459 875 566
ship 0.0084 490 391 1215 494
ship 0.0054 459 414 1044 534
ship 0.0037 1545 372 1646 405
ship 0.0029 1457 366 1601 440
ship 0.0029 1499 331 1704 404
ship 0.0023 12 272 832 538
ship 0.0017 1516 384 1609 419
ship 0.0017 1416 294 1920 415
ship 0.0013 1414 380 1570 463
ship 0.0012 1452 336 1865 439
ship 0.0012 -145 264 1769 595
ship 0.0012 1048 376 1632 497
ship 0.0012 1487 389 1575 428
