ship 0.8780 1192 422 1550 501
ship 0.6833 47 272 914 495
ship 0.1068 689 168 1777 436
ship 0.1004 13 256 1580 473
ship 0.0672 195 111 1700 487
ship 0.0170 1197 454 1514 507
ship 0.0169 1141 159 1855 417
ship 0.0133 41 93 1038 506
ship 0.0075 87 352 163 456
ship 0.0073 995 239 1721 461
ship 0.0072 89 406 159 435
ship 0.0047 43 374 903 487
ship 0.0028 1184 429 1390 497
ship 0.0020 1346 407 1554 485
ship 0.0017 924 94 1810 356
ship 0.0017 -43 169 585 449
ship 0.0014 416 380 947 482
ship 0.0012 674 349 1478 444
