ship 0.8236 7 411 341 523
ship 0.4922 352 275 1902 499
ship 0.2220 64 156 912 441
ship 0.0978 -40 238 748 484
ship 0.0616 182 104 1833 489
ship 0.0189 288 236 1041 485
ship 0.0152 376 317 888 478
ship 0.0149 12 266 358 516
ship 0.0031 343 336 1331 519
ship 0.0027 -62 68 833 370
ship 0.0026 750 348 833 384
ship 0.0019 750 366 838 397
ship 0.0018 1050 268 1939 478
ship 0.0017 957 377 1921 482
ship 0.0017 575 385 1566 490
ship 0.0016 244 376 777 484
ship 0.0012 748 320 840 404
ship 0.0012 1344 338 1942 466
