ship 0.6306 -36 270 1323 508
ship 0.5960 948 420 1294 512
ship 0.1723 5 334 97 435
ship 0.1630 78 106 1515 500
ship 0.1555 865 168 1600 434
ship 0.0590 375 243 1507 476
ship 0.0448 941 460 1188 512
ship 0.0185 -6 320 63 446
ship 0.0123 988 91 1753 358
ship 0.0084 5 380 92 430
ship 0.0060 744 389 1287 503
ship 0.0055 715 82 1726 484
ship 0.0051 1079 72 1501 471
ship 0.0048 291 375 1075 483
ship 0.0044 -9 341 852 511
ship 0.0032 307 389 408 427
ship 0.0029 1092 166 1902 397
ship 0.0026 1026 354 1268 508
ship 0.0026 1060 268 1535 423
ship 0.0023 300 347 473 431
ship 0.0015 -3 359 64 419
ship 0.0015 1 356 52 488
ship 0.0014 960 473 1077 508
ship 0.0014 306 361 397 443
ship 0.0013 -35 267 587 499
ship 0.0013 -32 326 450 470
ship 0.0011 936 299 1331 515
ship 0.0011 894 436 1164 505
