ship 0.6907 285 349 1890 524
ship 0.1715 40 264 714 504
ship 0.1259 298 359 694 514
ship 0.1067 -7 364 396 493
ship 0.0989 50 337 618 467
ship 0.0927 257 192 1919 538
ship 0.0407 19 409 308 485
ship 0.0162 81 275 1311 519
ship 0.0104 3 188 369 519
ship 0.0095 160 336 916 532
ship 0.0066 834 269 1864 500
ship 0.0061 1057 377 1813 504
ship 0.0044 4 303 212 484
ship 0.0017 1446 370 1825 501
ship 0.0017 325 292 652 574
ship 0.0014 1814 306 1918 421
ship 0.0011 1867 272 1924 414
ship 0.0010 287 406 1114 531
ship 0.0010 -3 225 113 476
