ship 0.9074 1270 284 1900 491
ship 0.7996 541 420 998 548
ship 0.3164 286 375 692 473
ship 0.1724 320 402 622 453
ship 0.0735 1220 374 1868 486
ship 0.0286 448 362 1386 548
ship 0.0119 595 284 1989 449
ship 0.0070 533 472 920 540
ship 0.0062 461 362 818 514
ship 0.0054 1506 329 1911 471
ship 0.0052 525 303 896 564
ship 0.0049 373 369 695 440
ship 0.0028 545 343 723 527
ship 0.0022 1714 360 1923 413
ship 0.0019 597 331 820 547
ship 0.0016 351 351 859 458
ship 0.0016 397 429 1236 585
ship 0.0015 685 457 1027 524
ship 0.0014 454 371 651 490
ship 0.0013 1536 151 1923 477
ship 0.0012 321 416 399 448
ship 0.0011 310 375 565 448
