ship 0.6291 63 267 1229 501
ship 0.5653 28 347 746 543
ship 0.0900 285 408 772 544
ship 0.0695 1854 434 1932 542
ship 0.0351 1817 462 1916 552
ship 0.0190 1852 484 1921 533
ship 0.0120 362 379 1193 490
ship 0.0101 -49 239 616 531
ship 0.0073 1820 447 1962 532
ship 0.0072 -41 135 834 575
ship 0.0056 531 333 1294 528
ship 0.0036 1572 296 1920 355
ship 0.0036 1856 501 1918 546
ship 0.0033 667 357 1130 504
ship 0.0028 123 154 1422 550
ship 0.0027 1861 467 1923 587
ship 0.0018 1816 394 1919 543
ship 0.0018 440 337 1109 468
ship 0.0017 86 457 762 548
ship 0.0013 1860 443 1922 500
