ship 0.9359 671 328 1871 540
ship 0.7966 230 348 726 469
ship 0.0770 328 286 1699 505
ship 0.0663 126 300 872 464
ship 0.0107 1400 319 1683 375
ship 0.0095 153 352 1163 497
ship 0.0042 985 262 1980 513
ship 0.0040 626 86 1831 537
ship 0.0038 1450 349 1536 372
ship 0.0037 1421 351 1496 372
ship 0.0037 412 384 996 476
ship 0.0029 1481 349 1576 372
ship 0.0027 1356 354 1417 370
ship 0.0026 265 415 734 465
ship 0.0025 310 394 691 456
ship 0.0022 1393 354 1454 371
ship 0.0019 611 384 1143 502
ship 0.0019 680 455 757 480
ship 0.0016 1312 352 1391 368
ship 0.0015 1101 322 1434 372
ship 0.0015 1426 340 1649 376
ship 0.0015 220 378 509 440
ship 0.0014 794 342 1511 469
ship 0.0014 470 351 1110 458
ship 0.0011 1 189 113 430
