ship 0.9395 67 290 990 500
ship 0.1192 225 373 993 499
ship 0.0251 -60 371 445 487
ship 0.0187 -11 345 712 463
ship 0.0177 -13 415 341 477
ship 0.0112 452 391 543 409
ship 0.0110 425 390 504 406
ship 0.0061 505 337 999 478
ship 0.0043 156 162 1089 484
ship 0.0038 -6 302 204 483
ship 0.0037 968 343 1362 386
ship 0.0033 267 270 1587 465
ship 0.0027 416 380 509 402
ship 0.0019 488 393 574 414
ship 0.0015 380 369 613 410
ship 0.0015 394 391 463 407
ship 0.0014 -6 344 122 520
ship 0.0011 -112 256 692 482
