ship 0.9123 303 301 1885 485
ship 0.4657 0 342 169 523
ship 0.1084 -13 419 177 509
ship 0.0346 -14 448 123 528
ship 0.0266 250 354 1440 492
ship 0.0142 1372 327 1769 468
ship 0.0123 -4 216 124 490
ship 0.0119 1130 336 1482 386
ship 0.0117 941 341 1241 393
ship 0.0091 701 385 1720 482
ship 0.0074 -1 241 212 541
ship 0.0053 966 342 1740 460
ship 0.0049 306 349 853 466
ship 0.0047 284 124 1893 472
ship 0.0029 1047 373 1137 392
ship 0.0028 -13 416 59 520
ship 0.0027 -2 424 124 599
ship 0.0021 1191 353 1282 378
ship 0.0020 -3 388 166 467
ship 0.0020 1083 374 1163 392
ship 0.0020 -106 255 604 475
ship 0.0017 110 272 1042 475
ship 0.0016 1437 290 1832 438
ship 0.0016 1120 261 1862 465
ship 0.0015 -10 481 122 522
ship 0.0015 68 449 163 492
ship 0.0013 -5 465 65 515
ship 0.0012 -56 427 117 505
ship 0.0012 404 369 670 440
ship 0.0011 1019 374 1095 390
ship 0.0011 85 341 400 391
ship 0.0010 -4 162 829 424
