ship 0.6323 433 476 655 548
ship 0.5480 242 295 1679 496
ship 0.1837 32 389 516 506
ship 0.1073 175 362 1433 519
ship 0.0525 350 453 675 568
ship 0.0292 67 425 730 521
ship 0.0136 728 344 1668 502
ship 0.0085 73 436 477 497
ship 0.0085 -10 529 186 572
ship 0.0084 317 391 1270 494
ship 0.0053 475 452 669 534
ship 0.0047 321 360 794 536
ship 0.0030 1216 335 1618 475
ship 0.0027 898 260 1804 480
ship 0.0025 372 433 828 549
ship 0.0023 493 494 689 552
ship 0.0023 358 165 1771 534
ship 0.0017 420 514 664 566
ship 0.0016 424 483 680 599
ship 0.0016 42 255 777 513
ship 0.0013 -44 353 620 548
ship 0.0013 3 366 195 581
ship 0.0012 1578 316 1910 368
ship 0.0011 -3 351 112 600
ship 0.0010 468 497 611 531
