ship 0.9220 495 383 943 486
ship 0.8977 940 475 1179 534
ship 0.8711 -15 359 403 525
ship 0.2386 27 252 478 525
ship 0.0491 962 412 1162 536
ship 0.0077 -39 245 295 541
ship 0.0069 895 371 1230 530
ship 0.0050 254 360 1137 500
ship 0.0039 666 372 1157 495
ship 0.0034 895 449 1157 558
ship 0.0032 -33 456 385 518
ship 0.0027 -14 143 534 478
ship 0.0023 246 296 1137 460
ship 0.0015 489 400 759 463
ship 0.0013 519 356 1112 466
ship 0.0012 81 398 513 530
ship 0.0012 949 498 1166 540
ship 0.0010 904 435 1316 536
ship 0.0010 -5 287 120 496
