ship 0.9657 711 355 1404 522
ship 0.8708 3 248 517 511
ship 0.0333 989 380 1396 507
ship 0.0115 -82 271 1012 479
ship 0.0079 651 382 1111 504
ship 0.0074 1053 427 1126 454
ship 0.0057 1053 417 1134 446
ship 0.0056 -6 403 546 518
ship 0.0052 296 307 1454 499
ship 0.0034 1031 406 1232 454
ship 0.0031 1145 399 1393 459
ship 0.0026 1027 431 1086 454
ship 0.0021 784 408 870 435
ship 0.0017 678 348 1202 474
ship 0.0014 707 384 903 465
ship 0.0014 790 396 869 418
ship 0.0013 -101 60 599 524
ship 0.0012 1035 404 1142 485
