ship 0.8407 203 459 642 562
ship 0.7347 587 379 1071 484
ship 0.4750 949 360 1903 510
ship 0.0572 224 361 707 536
ship 0.0326 619 303 1977 497
ship 0.0192 464 348 1000 463
ship 0.0063 274 499 633 557
ship 0.0063 576 405 653 445
ship 0.0056 175 378 1101 508
ship 0.0056 504 363 1393 503
ship 0.0043 320 299 1299 487
ship 0.0029 571 378 649 467
ship 0.0020 916 383 1429 497
ship 0.0016 562 386 737 460
ship 0.0016 569 494 643 530
ship 0.0013 89 337 727 461
ship 0.0013 211 458 282 488
ship 0.0013 609 493 659 521
ship 0.0010 990 435 1880 516
