ship 0.7970 902 457 1286 556
ship 0.3466 874 283 1935 499
ship 0.1539 335 370 1237 536
ship 0.0635 411 431 1008 530
ship 0.0416 820 356 1772 519
ship 0.0199 942 498 1302 549
ship 0.0142 224 277 1678 515
ship 0.0091 439 473 1062 543
ship 0.0067 946 434 1430 543
ship 0.0062 309 381 849 499
ship 0.0057 308 402 469 493
ship 0.0054 232 371 578 492
ship 0.0052 279 385 426 469
ship 0.0047 282 408 360 445
ship 0.0040 1054 484 1319 538
ship 0.0034 861 342 1295 560
ship 0.0030 243 334 744 473
ship 0.0030 265 350 416 510
ship 0.0026 1069 341 1822 447
ship 0.0020 277 374 356 472
ship 0.0012 941 399 1221 548
ship 0.0011 1253 368 1909 496
ship 0.0010 605 179 1953 519
