ship 0.9584 901 347 1596 503
ship 0.5633 0 354 169 510
ship 0.2603 1458 332 1897 462
ship 0.0710 -2 401 135 542
ship 0.0218 -8 449 170 508
ship 0.0114 -3 213 129 497
ship 0.0111 1032 287 1977 459
ship 0.0100 834 383 1367 496
ship 0.0083 -5 377 137 471
ship 0.0051 1304 375 1854 471
ship 0.0047 1551 211 1906 491
ship 0.0035 -14 194 240 510
ship 0.0022 1204 380 1607 490
ship 0.0016 29 402 197 488
ship 0.0016 2 403 116 450
ship 0.0014 1609 274 1949 450
ship 0.0013 -13 395 59 498
ship 0.0013 14 282 189 578
ship 0.0011 1483 387 1572 464
