ship 0.9304 116 384 877 509
ship 0.7362 1397 374 1920 488
ship 0.2304 676 350 1495 460
ship 0.1376 90 306 1829 471
ship 0.0602 999 287 2023 476
ship 0.0465 337 357 1600 492
ship 0.0129 399 390 957 494
ship 0.0093 560 389 1288 474
ship 0.0053 855 357 1934 494
ship 0.0049 1198 335 1868 465
ship 0.0038 1864 319 1921 452
ship 0.0025 1823 325 1915 444
ship 0.0019 435 356 1265 451
ship 0.0013 129 417 217 448
ship 0.0013 1068 176 1944 441
ship 0.0013 4 301 857 499
ship 0.0012 1837 389 1906 424
ship 0.0011 -14 186 1923 440
ship 0.0010 1868 366 1919 414
ship 0.0010 1864 385 1916 428
