ship 0.9693 6 372 365 508
ship 0.9057 1109 308 1799 495
ship 0.1007 -20 434 377 500
ship 0.0172 0 218 374 486
ship 0.0124 1701 383 1947 462
ship 0.0118 1037 351 1599 467
ship 0.0045 166 384 371 434
ship 0.0044 1628 327 1937 465
ship 0.0042 1105 414 1794 501
ship 0.0032 132 387 334 456
ship 0.0026 1290 375 1820 493
ship 0.0025 30 405 325 483
ship 0.0017 -66 300 739 469
ship 0.0013 1078 163 1766 483
ship 0.0012 1169 372 1388 431
ship 0.0012 263 396 348 425
ship 0.0011 154 409 256 437
ship 0.0011 -7 297 129 489
ship 0.0010 1360 437 1840 486
