ship 0.8454 955 364 1650 491
ship 0.7903 25 383 467 511
ship 0.6423 181 312 1756 480
ship 0.5097 367 380 1178 475
ship 0.1203 1867 348 1922 462
ship 0.0524 1869 381 1918 429
ship 0.0152 29 454 437 512
ship 0.0105 35 394 725 485
ship 0.0089 -77 300 1139 478
ship 0.0072 1873 366 1921 414
ship 0.0054 32 359 1016 495
ship 0.0032 -4 269 510 505
ship 0.0031 1870 398 1920 450
ship 0.0031 1836 337 1912 470
ship 0.0028 126 113 1773 460
ship 0.0025 1878 284 1923 443
ship 0.0020 963 422 1634 498
ship 0.0013 645 386 1515 481
ship 0.0012 1823 276 1924 505
ship 0.0012 1021 285 1948 465
ship 0.0011 1560 328 1918 459
ship 0.0011 1833 364 1952 445
ship 0.0011 1872 369 1922 525
ship 0.0010 1843 385 1910 425
