ship 0.7088 807 381 1347 498
ship 0.6657 14 363 544 502
ship 0.6491 1061 472 1353 536
ship 0.5736 1034 426 1384 534
ship 0.4067 989 368 1435 523
ship 0.1969 -6 467 113 549
ship 0.1289 1151 368 1536 502
ship 0.0680 906 334 1507 479
ship 0.0633 -1 378 127 571
ship 0.0152 1147 459 1370 525
ship 0.0134 -48 283 979 484
ship 0.0132 -4 332 187 535
ship 0.0096 -12 504 126 542
ship 0.0066 -14 434 59 543
ship 0.0060 879 388 1167 455
ship 0.0057 38 183 486 527
ship 0.0032 539 357 1522 507
ship 0.0027 -54 451 110 526
ship 0.0026 1101 499 1356 540
ship 0.0017 1222 424 1540 501
ship 0.0017 -13 487 72 533
ship 0.0015 -1 452 116 656
ship 0.0015 1345 364 1513 495
ship 0.0012 -11 464 62 519
ship 0.0011 -5 276 108 508
ship 0.0011 -12 440 199 578
