ship 0.9521 481 285 1723 521
ship 0.6101 218 390 578 498
ship 0.0672 239 430 523 500
ship 0.0334 190 385 920 492
ship 0.0274 -50 202 1774 523
ship 0.0119 157 362 1221 519
ship 0.0034 166 417 732 510
ship 0.0025 215 410 436 485
ship 0.0023 384 424 919 523
ship 0.0017 169 320 647 502
ship 0.0016 1644 181 1966 607
ship 0.0016 864 312 1588 417
ship 0.0015 1319 287 1697 447
ship 0.0014 1546 330 1725 401
ship 0.0013 989 340 1420 388
ship 0.0013 11 340 407 398
ship 0.0011 304 342 974 468
ship 0.0011 41 282 1018 490
ship 0.0010 1060 254 1914 480
ship 0.0010 1515 342 1696 422
