ship 0.7995 1722 408 1931 487
ship 0.7972 101 380 536 515
ship 0.7022 17 479 219 543
ship 0.2029 1726 353 1919 504
ship 0.1178 9 393 209 551
ship 0.0295 17 275 502 512
ship 0.0288 1792 285 1928 500
ship 0.0264 -26 414 363 535
ship 0.0233 184 456 529 514
ship 0.0116 1809 371 1916 481
ship 0.0053 1552 376 1936 493
ship 0.0052 68 441 186 535
ship 0.0051 1724 243 1916 467
ship 0.0050 42 448 270 531
ship 0.0045 1869 387 1910 428
ship 0.0042 55 494 184 537
ship 0.0025 1867 344 1915 466
ship 0.0024 1 336 120 533
ship 0.0016 1732 429 1862 474
ship 0.0012 19 280 187 510
ship 0.0010 1829 390 1912 431
