ship 0.9318 319 464 679 567
ship 0.8105 1696 438 1909 500
ship 0.7838 12 405 379 538
ship 0.5601 956 413 1290 547
ship 0.2805 954 489 1207 559
ship 0.1147 1704 355 1912 516
ship 0.0989 335 517 668 565
ship 0.0572 201 426 673 552
ship 0.0225 984 429 1271 506
ship 0.0196 54 383 747 541
ship 0.0127 392 378 1606 513
ship 0.0080 1623 417 1905 527
ship 0.0071 -43 472 393 534
ship 0.0038 1680 252 1920 534
ship 0.0037 1 261 377 527
ship 0.0034 840 430 1922 613
ship 0.0034 118 420 354 477
ship 0.0031 1788 276 1926 511
ship 0.0026 798 363 1493 541
ship 0.0024 1708 455 1884 490
ship 0.0021 1766 409 1931 496
ship 0.0018 1022 355 1249 523
ship 0.0018 1022 418 1290 481
ship 0.0014 415 495 694 559
ship 0.0014 6 599 107 628
ship 0.0013 8 449 345 521
ship 0.0012 37 332 349 608
ship 0.0012 1190 469 1280 504
ship 0.0012 1788 450 1911 496
ship 0.0010 1681 430 1925 575
ship 0.0010 866 458 1197 568
