ship 0.9163 1449 440 1670 500
ship 0.9041 25 461 400 572
ship 0.8277 668 493 929 566
ship 0.8248 683 417 999 548
ship 0.2398 713 432 1025 501
ship 0.0715 60 514 407 572
ship 0.0098 -71 418 362 558
ship 0.0049 693 394 1088 511
ship 0.0045 1390 401 1688 500
ship 0.0041 681 463 861 558
ship 0.0039 4 309 378 560
ship 0.0025 1445 457 1626 489
ship 0.0023 114 385 1308 508
ship 0.0022 -58 383 758 540
ship 0.0020 512 367 1199 537
ship 0.0016 1494 418 1649 519
ship 0.0016 706 332 992 607
ship 0.0015 929 469 1009 509
ship 0.0015 932 487 1012 516
ship 0.0015 1473 364 1664 509
ship 0.0013 1385 417 1873 515
ship 0.0010 1304 260 2007 465
