ship 0.9216 1241 437 1474 500
ship 0.8073 481 491 739 567
ship 0.7602 495 415 795 555
ship 0.4228 -10 484 201 573
ship 0.2240 -5 385 188 571
ship 0.1382 524 433 841 502
ship 0.0179 -18 280 233 588
ship 0.0056 -6 480 134 628
ship 0.0052 318 377 1552 522
ship 0.0045 1156 401 1487 499
ship 0.0042 497 463 677 557
ship 0.0026 -103 452 401 580
ship 0.0022 1308 414 1501 489
ship 0.0021 743 470 827 509
ship 0.0015 -11 536 199 585
ship 0.0014 656 448 832 516
ship 0.0014 747 487 830 515
ship 0.0012 1227 421 1423 486
ship 0.0012 1254 453 1381 489
ship 0.0011 -4 247 114 538
