ship 0.9724 898 441 1116 502
ship 0.8550 111 493 359 571
ship 0.2964 113 425 402 557
ship 0.0679 184 441 440 500
ship 0.0424 145 451 395 521
ship 0.0142 116 465 299 555
ship 0.0107 269 453 357 482
ship 0.0041 161 425 593 537
ship 0.0036 880 456 951 486
ship 0.0032 934 454 1086 492
ship 0.0028 276 427 477 509
ship 0.0021 852 456 1063 503
ship 0.0017 883 455 1013 491
ship 0.0016 111 486 221 568
ship 0.0013 87 517 275 569
ship 0.0012 898 467 1080 499
ship 0.0012 221 456 322 485
ship 0.0011 179 470 291 508
ship 0.0010 954 417 1121 488
ship 0.0010 866 425 1209 513
