ship 0.8134 1503 422 1799 544
ship 0.7253 460 376 1127 536
ship 0.5262 909 456 1199 563
ship 0.3031 1503 463 1735 552
ship 0.1488 408 387 901 507
ship 0.0335 870 498 1192 551
ship 0.0133 793 401 1011 461
ship 0.0084 1477 382 1931 518
ship 0.0079 858 357 1254 543
ship 0.0030 436 429 1204 573
ship 0.0029 548 363 1595 531
ship 0.0024 1468 453 1932 550
ship 0.0024 1481 258 1836 531
ship 0.0017 1636 430 1849 506
ship 0.0016 366 279 1055 519
ship 0.0016 1738 470 1834 502
ship 0.0010 1336 272 2053 482
ship 0.0010 884 416 990 448
ship 0.0010 501 513 567 535
ship 0.0010 43 359 1127 510
