ship 0.9568 796 440 1025 502
ship 0.7151 6 493 251 571
ship 0.6517 -11 422 352 553
ship 0.0343 32 466 229 554
ship 0.0339 114 435 361 501
ship 0.0249 46 451 280 519
ship 0.0043 155 454 249 483
ship 0.0038 22 379 459 519
ship 0.0025 800 456 881 488
ship 0.0025 18 333 206 544
ship 0.0021 14 296 361 578
ship 0.0018 827 469 997 501
ship 0.0016 863 453 1006 493
ship 0.0015 0 550 44 589
ship 0.0013 2 494 44 643
ship 0.0011 165 450 379 517
ship 0.0011 -4 571 41 606
ship 0.0010 78 470 181 507
ship 0.0010 833 414 1003 519
