ship 0.9121 1522 379 1916 493
ship 0.5921 548 377 1113 500
ship 0.5139 -57 279 1157 490
ship 0.1916 176 354 1186 496
ship 0.0440 1457 260 1914 479
ship 0.0168 1518 417 1867 481
ship 0.0110 309 294 1540 472
ship 0.0066 1387 167 1963 438
ship 0.0059 1171 276 2022 460
ship 0.0058 363 422 1087 502
ship 0.0027 -82 170 912 440
ship 0.0023 -66 250 616 478
ship 0.0015 601 289 1882 437
ship 0.0014 142 178 1502 447
ship 0.0011 1421 340 1971 510
ship 0.0011 1650 206 1931 498
ship 0.0011 862 378 1076 436
ship 0.0010 1579 388 1860 468
