ship 0.9568 3 384 1028 571
ship 0.5933 934 379 1382 505
ship 0.4765 1601 372 1914 496
ship 0.2867 1641 413 1925 483
ship 0.2015 1161 367 1583 490
ship 0.1043 1036 453 1299 515
ship 0.0797 269 352 1641 517
ship 0.0226 1680 289 1915 503
ship 0.0176 765 304 1746 467
ship 0.0160 1217 349 1755 464
ship 0.0080 1440 340 1919 471
ship 0.0071 1246 404 1591 482
ship 0.0064 1332 257 1977 470
ship 0.0056 372 433 706 502
ship 0.0051 830 352 1359 468
ship 0.0042 1553 205 1918 505
ship 0.0036 -36 419 716 549
ship 0.0033 1343 377 1543 483
ship 0.0030 360 416 1005 554
ship 0.0026 1092 479 1292 519
ship 0.0024 1081 435 1364 501
ship 0.0024 16 255 1249 547
ship 0.0023 944 347 1819 508
ship 0.0017 -69 326 1084 696
ship 0.0017 212 422 1289 586
ship 0.0013 392 439 461 460
ship 0.0012 395 453 456 476
