ship 0.9757 404 350 1753 568
ship 0.8446 5 419 351 534
ship 0.0848 -6 471 331 530
ship 0.0810 1501 362 1829 504
ship 0.0262 260 367 1185 553
ship 0.0201 214 223 1768 546
ship 0.0073 483 374 1077 511
ship 0.0044 892 394 979 426
ship 0.0036 1466 202 1857 506
ship 0.0032 804 267 1898 519
ship 0.0031 1547 386 1812 465
ship 0.0027 -87 370 800 527
ship 0.0025 1651 429 1830 494
ship 0.0022 874 410 948 437
ship 0.0020 338 430 1369 581
ship 0.0017 1602 300 1852 487
ship 0.0016 1576 398 1856 533
ship 0.0016 273 306 1693 712
ship 0.0015 -38 243 281 546
ship 0.0014 5 349 245 530
ship 0.0013 1122 415 1708 554
ship 0.0012 1528 273 1918 454
ship 0.0011 400 495 465 525
ship 0.0011 892 363 990 445
ship 0.0010 861 381 1030 437
ship 0.0010 402 476 460 507
ship 0.0010 1281 367 1706 528
