ship 0.8531 1114 357 1918 569
ship 0.6420 374 478 611 524
ship 0.5449 32 390 623 492
ship 0.5074 295 371 1280 524
ship 0.4676 559 380 1147 508
ship 0.4132 330 414 641 531
ship 0.0732 276 378 792 514
ship 0.0435 19 375 991 504
ship 0.0194 1007 362 1455 514
ship 0.0119 724 438 1139 499
ship 0.0080 191 300 1414 486
ship 0.0076 63 416 480 505
ship 0.0057 58 346 727 474
ship 0.0053 311 460 566 514
ship 0.0049 685 412 1254 517
ship 0.0045 372 359 602 520
ship 0.0039 810 427 1823 588
ship 0.0035 1130 146 1898 594
ship 0.0025 323 426 1289 585
ship 0.0024 398 492 590 517
ship 0.0021 744 278 1856 513
ship 0.0019 375 491 482 522
ship 0.0016 1300 240 1966 540
ship 0.0014 112 391 377 461
ship 0.0012 483 345 1104 475
ship 0.0012 1284 381 1861 518
ship 0.0011 1870 548 1918 585
