ship 0.9303 321 378 926 516
ship 0.6137 88 482 329 532
ship 0.4061 1596 389 1918 568
ship 0.3928 26 416 365 531
ship 0.2998 1635 287 1966 585
ship 0.2444 37 314 988 499
ship 0.1037 23 369 466 518
ship 0.0349 6 388 807 493
ship 0.0139 118 425 867 508
ship 0.0131 649 395 854 450
ship 0.0121 63 456 295 527
ship 0.0079 105 501 311 538
ship 0.0078 1630 490 1897 568
ship 0.0069 1243 354 1865 547
ship 0.0052 13 237 370 553
ship 0.0044 68 346 306 521
ship 0.0041 166 497 296 530
ship 0.0033 664 411 769 442
ship 0.0030 -1 465 51 508
ship 0.0027 -1 420 48 551
ship 0.0027 1629 434 1718 542
ship 0.0024 -12 490 47 525
ship 0.0021 655 414 727 443
ship 0.0021 0 448 55 491
ship 0.0020 134 460 394 524
ship 0.0017 -73 274 607 512
ship 0.0015 614 411 820 469
ship 0.0015 1878 573 1922 608
ship 0.0014 261 357 1253 498
ship 0.0014 1566 171 1903 540
ship 0.0013 644 427 725 452
ship 0.0013 1878 521 1925 661
ship 0.0012 1545 356 2065 546
ship 0.0010 719 374 935 444
