ship 0.8175 1223 382 1623 465
ship 0.8091 181 354 1095 503
ship 0.7006 140 473 394 547
ship 0.0661 1230 419 1554 466
ship 0.0615 126 416 476 549
ship 0.0252 111 389 866 486
ship 0.0218 154 325 375 551
ship 0.0139 102 497 331 549
ship 0.0074 274 309 1548 462
ship 0.0070 1177 400 1390 452
ship 0.0062 1178 273 1680 466
ship 0.0060 1207 410 1283 442
ship 0.0049 503 328 1035 489
ship 0.0026 201 449 404 533
ship 0.0024 227 406 317 446
ship 0.0024 228 379 314 468
ship 0.0022 704 305 1802 443
ship 0.0020 345 424 1051 503
ship 0.0018 974 357 1644 451
ship 0.0017 219 406 284 440
ship 0.0017 -90 281 926 496
ship 0.0016 1450 354 1609 420
ship 0.0013 84 477 277 540
ship 0.0010 684 370 1104 487
