ship 0.9810 110 387 724 496
ship 0.5599 1591 352 1900 526
ship 0.2894 1648 455 1918 524
ship 0.0834 1644 240 1953 550
ship 0.0795 91 320 825 480
ship 0.0206 1605 382 1686 420
ship 0.0125 1573 367 1725 433
ship 0.0072 1601 360 1686 443
ship 0.0070 1693 396 1912 545
ship 0.0058 1513 319 1862 485
ship 0.0026 -52 312 1267 458
ship 0.0025 1558 130 1907 496
ship 0.0024 97 412 177 443
ship 0.0022 460 393 673 456
ship 0.0022 1128 275 1928 477
ship 0.0019 -19 391 213 450
ship 0.0018 675 314 1602 395
ship 0.0015 1560 386 1739 451
ship 0.0011 1263 355 1842 522
ship 0.0011 379 417 680 477
ship 0.0011 1618 387 1722 426
ship 0.0010 1636 478 1823 526
ship 0.0010 72 397 273 460
