ship 0.9582 1015 377 1414 471
ship 0.8346 58 343 955 506
ship 0.5703 -16 467 220 551
ship 0.1296 -6 328 205 549
ship 0.0349 1807 351 1923 459
ship 0.0247 31 308 1519 462
ship 0.0218 1799 281 1921 497
ship 0.0173 1857 327 1929 441
ship 0.0159 -34 410 338 551
ship 0.0120 1191 364 1402 444
ship 0.0104 1855 371 1926 479
ship 0.0092 1856 411 1926 521
ship 0.0084 35 382 684 492
ship 0.0076 -12 393 152 566
ship 0.0061 1851 380 1923 434
ship 0.0051 -164 261 739 494
ship 0.0048 1808 388 1922 504
ship 0.0042 1719 236 1921 466
ship 0.0039 401 374 941 496
ship 0.0039 1853 360 1923 415
ship 0.0036 66 432 192 548
ship 0.0034 1852 398 1921 452
ship 0.0030 1854 439 1920 494
ship 0.0027 819 359 1385 452
ship 0.0024 1729 329 1911 532
ship 0.0024 623 297 1683 440
ship 0.0024 1814 344 1966 426
ship 0.0023 1853 417 1921 474
ship 0.0019 1301 256 2002 468
ship 0.0016 111 440 207 538
ship 0.0016 -8 261 115 526
ship 0.0014 141 149 917 484
ship 0.0014 1858 460 1919 507
ship 0.0012 997 399 1288 462
ship 0.0011 1806 188 1925 426
