ship 0.9561 11 378 458 504
ship 0.6825 1401 450 1656 531
ship 0.4200 1382 267 1926 496
ship 0.2243 1378 360 1680 530
ship 0.1201 33 278 503 501
ship 0.0500 1521 367 1925 490
ship 0.0118 1588 409 1911 479
ship 0.0066 1405 289 1631 506
ship 0.0050 1320 410 1631 541
ship 0.0039 1229 170 1935 443
ship 0.0029 -52 410 337 518
ship 0.0028 -34 346 691 514
ship 0.0019 -44 316 328 496
ship 0.0018 1711 364 1915 498
ship 0.0017 223 383 453 467
ship 0.0013 1331 411 1933 509
ship 0.0012 1475 460 1702 519
ship 0.0010 171 141 2053 934
ship 0.0010 1396 425 1614 512
