ship 0.7866 514 297 1327 498
ship 0.7696 1541 335 1926 474
ship 0.7276 398 470 664 548
ship 0.2155 1545 398 1904 460
ship 0.1289 428 413 660 538
ship 0.0803 675 365 1294 495
ship 0.0206 1146 273 2030 459
ship 0.0205 345 381 1071 492
ship 0.0147 439 349 1128 464
ship 0.0134 380 409 806 546
ship 0.0062 1382 172 1986 434
ship 0.0034 422 300 687 561
ship 0.0025 579 279 1882 462
ship 0.0020 909 338 1316 474
ship 0.0020 434 411 499 437
ship 0.0019 1391 351 1844 454
ship 0.0018 1500 399 1745 457
ship 0.0017 469 176 1412 465
ship 0.0016 423 379 662 438
ship 0.0012 431 440 567 541
ship 0.0011 371 337 768 482
