ship 0.9133 1082 287 1929 492
ship 0.8583 -45 370 405 493
ship 0.1919 -17 427 192 506
ship 0.0443 1065 341 1699 473
ship 0.0401 103 403 376 487
ship 0.0214 -9 349 140 523
ship 0.0122 -6 275 530 486
ship 0.0052 998 171 1874 470
ship 0.0050 1048 371 1299 443
ship 0.0032 -11 399 209 544
ship 0.0031 -55 184 297 524
ship 0.0019 258 296 1145 399
ship 0.0019 1082 418 1927 500
ship 0.0016 -2 421 115 605
ship 0.0016 -12 301 238 493
ship 0.0016 1053 374 1448 489
ship 0.0016 -11 474 189 524
ship 0.0013 67 452 164 494
ship 0.0012 62 469 168 502
ship 0.0011 -10 416 51 517
ship 0.0011 -26 287 1678 431
ship 0.0010 1 408 257 488
