ship 0.6745 592 418 960 531
ship 0.6250 -16 332 525 532
ship 0.5718 701 478 948 536
ship 0.1444 604 418 835 480
ship 0.1261 468 387 981 507
ship 0.0189 27 354 938 511
ship 0.0174 706 432 796 459
ship 0.0172 694 500 913 540
ship 0.0069 -4 503 186 548
ship 0.0054 668 431 766 460
ship 0.0046 607 445 696 484
ship 0.0033 126 302 1176 482
ship 0.0023 43 165 474 545
ship 0.0018 615 430 900 500
ship 0.0018 700 497 826 530
ship 0.0018 607 400 690 490
ship 0.0017 64 516 166 542
ship 0.0017 627 431 736 469
ship 0.0016 730 351 961 514
ship 0.0015 574 433 742 492
ship 0.0014 356 426 908 517
ship 0.0014 687 497 768 525
ship 0.0013 -15 341 285 396
ship 0.0013 865 417 948 441
ship 0.0012 753 449 951 529
ship 0.0010 12 479 231 542
