ship 0.7028 250 476 516 542
ship 0.2846 146 432 525 540
ship 0.2528 -25 379 554 510
ship 0.0204 -39 416 412 522
ship 0.0168 205 360 565 536
ship 0.0126 9 419 330 481
ship 0.0118 297 401 506 540
ship 0.0072 1 413 47 560
ship 0.0049 194 435 281 457
ship 0.0038 9 262 503 513
ship 0.0036 162 434 248 460
ship 0.0024 2 467 49 514
ship 0.0020 306 450 490 569
ship 0.0019 2 487 52 529
ship 0.0016 7 440 272 497
ship 0.0016 232 434 317 457
ship 0.0014 -4 380 49 511
ship 0.0014 8 353 202 511
ship 0.0011 10 429 88 544
ship 0.0010 246 494 326 529
ship 0.0010 -4 427 53 470
