ship 0.9471 742 340 1818 571
ship 0.5876 242 399 846 494
ship 0.0744 84 378 1272 509
ship 0.0399 341 438 789 488
ship 0.0281 331 285 1673 517
ship 0.0111 267 424 670 477
ship 0.0103 1702 442 1908 671
ship 0.0057 395 395 1188 492
ship 0.0052 1167 344 1539 455
ship 0.0041 740 475 832 510
ship 0.0038 1455 410 1533 447
ship 0.0038 723 478 803 505
ship 0.0037 622 279 1884 733
ship 0.0034 1067 250 1912 533
ship 0.0031 643 429 1676 581
ship 0.0028 1454 426 1541 460
ship 0.0027 1539 174 1914 538
ship 0.0026 123 395 602 489
ship 0.0025 208 417 453 480
ship 0.0024 1451 383 1540 465
ship 0.0022 660 376 1371 519
ship 0.0020 1504 315 1938 497
ship 0.0018 1602 526 1897 665
ship 0.0018 638 420 1120 544
ship 0.0015 237 434 569 489
ship 0.0014 1793 445 1927 666
ship 0.0014 732 490 800 521
ship 0.0012 223 340 771 484
ship 0.0011 855 43 1833 581
ship 0.0011 739 450 842 523
