ship 0.4545 1237 380 1753 493
ship 0.2399 1689 354 1923 514
ship 0.1155 1262 263 1881 508
ship 0.0912 59 352 1865 550
ship 0.0660 1668 444 1916 523
ship 0.0268 1399 373 1935 495
ship 0.0161 1065 344 1861 525
ship 0.0057 1573 311 1932 499
ship 0.0046 1675 478 1906 520
ship 0.0035 1785 281 1924 501
ship 0.0034 1248 419 1614 473
ship 0.0027 1699 227 1929 475
ship 0.0024 7 343 815 541
ship 0.0019 1332 409 1804 512
ship 0.0018 24 -10 1915 600
ship 0.0016 1335 150 1954 455
ship 0.0015 139 432 204 448
ship 0.0015 1674 382 1937 743
ship 0.0014 1702 401 1931 486
ship 0.0012 166 432 230 448
ship 0.0012 580 267 1961 496
