ship 0.9434 806 327 1468 541
ship 0.6985 1452 380 1901 494
ship 0.1269 812 275 1930 490
ship 0.1079 8 466 503 555
ship 0.0300 925 308 1372 490
ship 0.0253 -28 356 1013 541
ship 0.0119 522 278 1532 519
ship 0.0080 1500 420 1919 476
ship 0.0079 1327 263 1973 480
ship 0.0078 1088 384 1740 495
ship 0.0050 1156 350 1881 457
ship 0.0044 1102 338 1968 521
ship 0.0033 -7 424 618 543
ship 0.0032 1534 202 1918 507
ship 0.0025 -1 278 386 593
ship 0.0023 973 363 1550 516
ship 0.0017 756 73 1739 530
ship 0.0015 1454 435 1858 487
ship 0.0012 1719 435 1899 682
ship 0.0012 203 501 481 549
ship 0.0011 26 267 1365 483
ship 0.0011 1584 325 1965 485
ship 0.0010 1675 374 1930 750
ship 0.0010 -22 505 304 554
