ship 0.9790 616 312 1889 558
ship 0.0748 159 347 685 438
ship 0.0113 267 276 1465 513
ship 0.0106 179 412 235 441
ship 0.0071 208 196 1828 550
ship 0.0063 2 302 189 477
ship 0.0055 -2 234 119 467
ship 0.0042 -58 337 418 442
ship 0.0027 13 287 1035 475
ship 0.0027 213 375 627 428
ship 0.0023 39 307 671 423
ship 0.0019 177 429 229 449
ship 0.0018 695 344 1461 464
ship 0.0016 191 407 266 438
ship 0.0013 -25 272 263 438
ship 0.0013 -4 177 194 439
ship 0.0013 172 384 239 462
ship 0.0012 171 393 241 430
ship 0.0010 1870 352 1924 499
