ship 0.9649 -37 353 1418 531
ship 0.2397 1263 382 1783 494
ship 0.0475 237 282 1925 512
ship 0.0150 1402 425 1732 465
ship 0.0130 1423 403 1776 459
ship 0.0113 1186 417 1732 510
ship 0.0072 937 393 1597 498
ship 0.0071 1294 416 1561 484
ship 0.0035 1369 452 1462 481
ship 0.0027 1186 346 1901 535
ship 0.0024 595 383 1377 507
ship 0.0023 2 357 407 528
ship 0.0022 18 246 1562 600
ship 0.0018 809 419 1424 523
ship 0.0017 1298 339 1817 467
ship 0.0014 -32 266 891 520
ship 0.0013 7 392 99 501
ship 0.0010 907 343 1336 389
