ship 0.9655 533 256 1909 493
ship 0.0512 45 258 666 484
ship 0.0324 563 496 643 522
ship 0.0245 17 370 646 489
ship 0.0108 548 323 749 408
ship 0.0101 285 209 1731 439
ship 0.0083 544 386 609 416
ship 0.0075 -7 168 728 441
ship 0.0074 521 240 911 411
ship 0.0052 549 247 1186 492
ship 0.0051 565 475 640 513
ship 0.0045 560 446 647 528
ship 0.0044 599 327 836 398
ship 0.0028 540 331 612 434
ship 0.0025 62 331 607 450
ship 0.0021 35 303 620 392
ship 0.0020 535 346 694 424
ship 0.0018 545 369 615 411
ship 0.0017 126 376 214 396
ship 0.0015 578 304 790 387
ship 0.0010 648 306 857 382
