ship 0.9410 737 365 1241 504
ship 0.3685 346 345 423 365
ship 0.0251 -148 302 1470 1268
ship 0.0195 423 280 1336 483
ship 0.0173 311 335 410 362
ship 0.0168 339 312 436 368
ship 0.0119 279 325 440 367
ship 0.0100 121 402 1246 1003
ship 0.0072 313 339 457 370
ship 0.0068 373 334 450 360
ship 0.0037 290 -3 1389 234
ship 0.0028 1147 492 1235 526
ship 0.0027 246 -20 1448 437
ship 0.0026 380 345 440 365
ship 0.0022 754 203 1234 502
ship 0.0022 4 629 1337 1098
ship 0.0016 680 345 1084 470
ship 0.0013 1162 510 1235 532
ship 0.0011 801 456 1228 508
ship 0.0011 359 180 1374 437
