ship 0.8226 29 319 607 569
ship 0.4714 371 284 1176 483
ship 0.4650 538 373 990 495
ship 0.3628 -37 279 1062 509
ship 0.0878 656 364 1150 490
ship 0.0544 0 441 567 575
ship 0.0064 388 335 918 473
ship 0.0054 534 432 978 490
ship 0.0046 919 424 1105 496
ship 0.0041 -23 137 766 586
ship 0.0039 434 288 1755 453
ship 0.0036 1070 386 1697 489
ship 0.0025 575 261 967 519
ship 0.0020 251 178 1324 451
ship 0.0020 489 345 1335 505
ship 0.0020 990 407 1101 487
ship 0.0012 -5 300 48 425
ship 0.0010 118 180 550 615
ship 0.0010 533 494 593 527
