ship 0.2870 735 87 1764 636
ship 0.1030 786 402 1097 550
ship 0.0617 -2 691 246 838
ship 0.0547 790 358 1201 524
ship 0.0476 100 141 1584 608
ship 0.0392 765 211 1523 545
ship 0.0381 40 255 1901 1146
ship 0.0288 -28 520 259 852
ship 0.0195 38 681 1867 1075
ship 0.0184 446 10 2056 884
ship 0.0151 34 756 223 833
ship 0.0133 862 -35 1840 454
ship 0.0117 802 473 1074 540
ship 0.0079 798 231 1200 562
ship 0.0069 651 329 1372 578
ship 0.0060 114 34 1764 435
ship 0.0059 -6 607 133 842
ship 0.0055 879 456 1136 519
ship 0.0048 17 463 767 779
ship 0.0045 776 489 1035 559
ship 0.0040 -16 636 354 813
ship 0.0038 -72 266 901 820
ship 0.0036 116 403 937 686
ship 0.0034 212 256 1477 524
ship 0.0026 1665 135 1770 217
ship 0.0025 766 517 1919 1086
ship 0.0025 802 319 1328 481
ship 0.0024 1649 142 1841 206
ship 0.0023 1397 -20 1763 315
ship 0.0022 920 433 1168 506
ship 0.0021 1390 102 1752 267
ship 0.0020 -136 20 1522 880
ship 0.0018 1675 178 1761 216
ship 0.0018 1467 63 1812 231
ship 0.0016 774 502 888 599
ship 0.0013 1672 159 1767 204
ship 0.0013 998 244 1561 388
ship 0.0012 160 278 1563 797
ship 0.0012 1153 200 1690 337
ship 0.0011 959 490 1061 520
ship 0.0011 1167 63 1827 331
ship 0.0010 795 325 1068 623
ship 0.0010 160 637 236 659
ship 0.0010 1367 531 1922 872
