ship 0.5604 20 364 717 739
ship 0.0174 42 699 464 824
ship 0.0150 0 541 695 811
ship 0.0127 10 515 377 853
ship 0.0122 25 213 1902 1203
ship 0.0121 90 726 304 792
ship 0.0091 64 745 268 811
ship 0.0085 1571 703 1771 760
ship 0.0079 51 768 208 830
ship 0.0072 29 782 171 850
ship 0.0063 1505 729 1697 780
ship 0.0063 801 635 1915 1125
ship 0.0061 111 638 209 665
ship 0.0059 143 839 1782 1084
ship 0.0057 79 783 179 824
ship 0.0057 62 626 256 674
ship 0.0045 98 608 297 657
ship 0.0042 150 622 251 651
ship 0.0037 82 642 177 675
ship 0.0037 25 642 380 807
ship 0.0037 74 656 167 683
ship 0.0033 182 274 628 684
ship 0.0033 70 797 167 833
ship 0.0031 296 465 654 664
ship 0.0031 -38 434 779 915
ship 0.0026 1556 742 1656 773
ship 0.0026 1867 645 1921 790
ship 0.0025 17 74 780 699
ship 0.0023 13 612 177 699
ship 0.0020 125 702 344 780
ship 0.0019 189 616 270 643
ship 0.0017 1440 745 1623 808
ship 0.0016 0 383 391 738
ship 0.0014 1601 693 1811 745
ship 0.0013 281 744 1924 1024
ship 0.0013 1129 724 1898 1026
ship 0.0011 1586 738 1686 769
ship 0.0010 104 436 568 852
ship 0.0010 1520 758 1610 791
