ship 0.9154 1287 321 1909 552
ship 0.4088 5 350 162 512
ship 0.0865 -6 391 131 552
ship 0.0508 -7 374 119 479
ship 0.0388 -14 426 125 509
ship 0.0363 -3 222 127 485
ship 0.0109 1273 452 1895 552
ship 0.0104 -23 316 201 484
ship 0.0061 1727 318 1931 365
ship 0.0039 18 409 145 485
ship 0.0036 42 154 1897 919
ship 0.0032 1342 314 1705 496
ship 0.0031 -13 194 232 509
ship 0.0029 1337 352 1523 423
ship 0.0028 1299 122 1995 595
ship 0.0027 -2 384 114 433
ship 0.0019 112 341 524 393
ship 0.0018 325 286 1911 474
ship 0.0015 1316 204 1717 585
ship 0.0014 -2 370 163 441
ship 0.0014 89 354 1864 552
ship 0.0012 1768 280 1941 369
ship 0.0012 9 442 143 496
ship 0.0010 1476 359 1946 531
