ship 0.9906 563 341 1630 518
ship 0.2389 8 383 785 492
ship 0.0367 33 279 723 500
ship 0.0226 328 485 675 530
ship 0.0120 60 421 725 512
ship 0.0078 511 199 1676 532
ship 0.0073 518 381 1093 508
ship 0.0043 -53 340 617 464
ship 0.0034 -120 287 1469 490
ship 0.0027 214 489 558 524
ship 0.0021 767 372 1039 446
ship 0.0018 148 345 1184 514
ship 0.0017 298 501 397 522
ship 0.0014 359 461 634 513
ship 0.0014 1116 329 1594 480
ship 0.0014 1538 315 1899 365
ship 0.0013 494 497 582 526
ship 0.0011 804 287 1863 489
ship 0.0010 457 475 537 502
