ship 0.9182 1361 338 1571 383
ship 0.0874 1334 303 1676 387
ship 0.0137 1328 313 1544 381
ship 0.0126 1300 263 1849 379
ship 0.0059 858 311 1536 381
ship 0.0043 265 503 357 527
ship 0.0031 1426 330 1543 368
ship 0.0030 1418 346 1551 376
ship 0.0019 1873 347 1923 384
ship 0.0018 1875 301 1924 424
ship 0.0015 -102 220 1709 372
ship 0.0015 146 356 249 381
ship 0.0014 1365 349 1433 381
ship 0.0012 -88 -4 1977 242
ship 0.0012 767 272 1509 366
ship 0.0012 240 290 1658 407
ship 0.0011 7 855 1888 1082
ship 0.0011 1374 358 1536 390
ship 0.0010 8 185 804 382
ship 0.0010 1472 330 1569 366
