ship 0.8601 868 342 1086 394
ship 0.0418 169 369 226 388
ship 0.0202 4 333 241 389
ship 0.0105 833 315 1134 400
ship 0.0083 130 368 216 387
ship 0.0065 -2 197 125 423
ship 0.0048 871 362 1013 393
ship 0.0041 -3 283 242 410
ship 0.0041 158 353 230 385
ship 0.0036 885 369 946 392
ship 0.0032 -48 818 784 1091
ship 0.0032 -44 354 223 398
ship 0.0029 -41 32 1965 362
ship 0.0023 932 354 1076 386
ship 0.0017 -55 290 402 387
ship 0.0016 103 353 220 386
ship 0.0013 712 310 1378 392
ship 0.0011 1007 369 1073 394
ship 0.0010 111 315 994 390
