ship 0.8635 195 469 347 502
ship 0.7362 71 534 234 570
ship 0.3274 1805 490 1920 568
ship 0.0501 1818 524 1916 566
ship 0.0168 206 455 332 495
ship 0.0100 83 547 193 575
ship 0.0061 1817 360 1927 590
ship 0.0053 -13 415 376 524
ship 0.0049 -42 31 1950 350
ship 0.0044 172 419 372 486
ship 0.0036 1813 510 1963 579
ship 0.0035 52 538 161 566
ship 0.0035 1855 513 1922 555
ship 0.0035 0 376 365 490
ship 0.0016 203 447 393 502
ship 0.0015 1750 373 1905 579
ship 0.0014 4 334 95 431
ship 0.0014 1849 479 1929 579
ship 0.0013 143 538 231 563
