ship 0.9163 474 373 585 403
ship 0.8937 545 583 794 626
ship 0.5650 1585 527 1707 562
ship 0.1192 1580 502 1758 563
ship 0.0121 562 594 664 623
ship 0.0116 1602 518 1729 554
ship 0.0070 1171 493 1242 517
ship 0.0044 476 330 588 401
ship 0.0043 -34 28 1952 370
ship 0.0041 467 386 555 403
ship 0.0040 1528 471 1920 574
ship 0.0033 1194 494 1262 515
ship 0.0025 1583 535 1660 560
ship 0.0020 547 595 750 618
ship 0.0017 651 598 767 622
ship 0.0015 317 339 602 393
ship 0.0015 1169 482 1240 508
ship 0.0014 449 360 659 401
ship 0.0011 -8 301 48 426
ship 0.0011 0 242 114 455
ship 0.0011 1196 482 1260 507
