ship 0.9632 683 675 919 724
ship 0.0794 130 372 214 394
ship 0.0098 -18 31 1945 348
ship 0.0038 715 684 874 716
ship 0.0038 695 680 768 715
ship 0.0031 3 363 51 403
ship 0.0027 1718 293 1907 490
ship 0.0025 707 692 820 727
ship 0.0023 5 364 85 395
ship 0.0021 33 340 446 385
ship 0.0020 1623 364 1950 504
ship 0.0019 0 315 49 448
ship 0.0018 2 335 266 384
ship 0.0017 1657 229 1943 558
ship 0.0015 3 328 1918 1082
ship 0.0015 78 363 270 395
ship 0.0012 643 642 929 733
ship 0.0012 1378 355 1464 373
ship 0.0012 -150 200 2060 366
ship 0.0010 341 373 432 391
ship 0.0010 6 312 95 410
ship 0.0010 1875 804 1920 962
ship 0.0010 1480 893 1585 914
ship 0.0010 1654 275 1932 424
ship 0.0010 1 343 50 390
