ship 0.1819 1767 486 1899 516
ship 0.0673 1777 463 1924 524
ship 0.0312 157 366 230 393
ship 0.0095 1 312 100 415
ship 0.0092 -4 195 123 424
ship 0.0080 154 351 234 388
ship 0.0055 -18 334 274 387
ship 0.0043 2 361 94 402
ship 0.0041 -57 292 414 389
ship 0.0039 -14 283 245 413
ship 0.0036 -12 310 57 416
ship 0.0021 90 357 244 396
ship 0.0019 1804 316 1925 551
ship 0.0015 1696 470 1913 514
ship 0.0015 -48 33 1983 365
ship 0.0015 -9 341 60 391
ship 0.0013 110 339 286 390
ship 0.0013 1732 374 1906 574
ship 0.0010 -2 313 971 387
ship 0.0010 165 339 235 421
