ship 0.9786 1345 372 1568 429
ship 0.0104 -11 312 55 414
ship 0.0092 2 316 97 411
ship 0.0090 -2 199 124 420
ship 0.0088 -10 333 268 386
ship 0.0059 7 362 84 402
ship 0.0054 1219 349 1566 436
ship 0.0045 163 367 227 390
ship 0.0045 1395 391 1566 423
ship 0.0043 -5 341 56 391
ship 0.0038 -58 290 414 388
ship 0.0037 -13 281 248 409
ship 0.0020 1314 360 1568 476
ship 0.0019 1344 326 1566 413
ship 0.0018 1135 174 1910 382
ship 0.0018 -53 328 109 397
ship 0.0017 155 351 235 385
ship 0.0010 109 351 219 384
