ship 0.9790 1018 253 1725 509
ship 0.2062 1174 313 1453 383
ship 0.1923 961 332 1168 531
ship 0.1276 961 422 1156 518
ship 0.0166 1128 277 1628 448
ship 0.0091 310 265 1600 464
ship 0.0082 973 416 1061 515
ship 0.0041 -97 195 1981 400
ship 0.0032 963 293 1510 430
ship 0.0029 1250 331 1499 380
ship 0.0027 1217 366 1330 389
ship 0.0023 947 312 1350 494
ship 0.0020 1302 314 1520 371
ship 0.0019 1050 366 1704 489
ship 0.0017 1245 350 1383 379
ship 0.0015 973 279 1190 668
ship 0.0014 971 394 1273 534
ship 0.0012 1107 338 1383 391
ship 0.0010 1267 280 1498 376
ship 0.0010 1025 349 1211 515
ship 0.0010 1078 173 1887 469
