ship 0.8696 1160 260 1887 468
ship 0.6023 -5 336 255 395
ship 0.2173 1136 369 1352 447
ship 0.1657 1109 345 1486 455
ship 0.0500 -3 285 244 415
ship 0.0388 154 371 243 398
ship 0.0184 49 358 259 394
ship 0.0095 1144 58 1898 512
ship 0.0089 1131 409 1369 466
ship 0.0077 1658 390 1911 449
ship 0.0071 1083 299 1638 434
ship 0.0063 -16 102 257 438
ship 0.0056 -3 199 130 422
ship 0.0039 1805 362 1916 449
ship 0.0038 1385 319 1900 459
ship 0.0030 825 186 1787 433
ship 0.0025 195 371 254 397
ship 0.0020 -12 238 364 393
ship 0.0017 3 325 103 400
ship 0.0015 1809 407 1907 443
ship 0.0013 96 368 245 392
ship 0.0013 1858 358 1925 452
ship 0.0010 1089 334 1819 500
ship 0.0010 145 352 242 392
