ship 0.6455 1396 248 1879 479
ship 0.2858 1358 328 1791 461
ship 0.1200 1559 275 1920 438
ship 0.0267 206 393 281 419
ship 0.0260 1372 385 1678 457
ship 0.0125 1682 196 1929 424
ship 0.0041 0 187 116 430
ship 0.0035 1396 335 1628 444
ship 0.0032 1004 261 1933 464
ship 0.0025 1523 348 1914 492
ship 0.0021 1545 109 1917 436
ship 0.0020 -11 240 199 456
ship 0.0018 1535 275 1925 599
ship 0.0018 1325 40 1972 398
ship 0.0016 -26 281 392 421
ship 0.0013 1374 415 1625 461
ship 0.0013 1693 310 1927 463
ship 0.0011 1583 367 1929 434
ship 0.0011 -16 173 246 532
ship 0.0010 1798 150 1924 382
ship 0.0010 209 407 278 428
