ship 0.8801 1509 408 1934 559
ship 0.0201 1205 354 1937 541
ship 0.0171 1537 221 1920 572
ship 0.0093 1831 340 1912 469
ship 0.0086 1808 266 1931 518
ship 0.0060 1611 348 1954 541
ship 0.0049 -15 27 1943 360
ship 0.0044 1065 299 1812 386
ship 0.0031 1515 498 1920 556
ship 0.0028 1870 315 1918 455
ship 0.0026 -167 193 2079 391
ship 0.0025 1822 380 1899 514
ship 0.0015 -74 280 1981 418
ship 0.0014 1458 315 1836 367
ship 0.0013 1720 243 1925 460
ship 0.0012 671 315 1616 395
ship 0.0011 -10 309 829 399
ship 0.0010 1867 381 1917 434
ship 0.0010 1872 366 1918 409
