ship 0.8273 1532 569 1685 605
ship 0.5659 401 290 1885 459
ship 0.0654 1827 560 1910 592
ship 0.0300 14 169 511 414
ship 0.0216 -1 292 530 398
ship 0.0213 417 103 1854 453
ship 0.0119 1817 528 1909 612
ship 0.0084 1859 558 1923 592
ship 0.0084 1124 334 1896 450
ship 0.0076 651 481 718 503
ship 0.0064 234 193 1466 441
ship 0.0059 672 342 1615 449
ship 0.0050 443 327 990 458
ship 0.0047 1533 540 1670 600
ship 0.0026 4 332 103 433
ship 0.0026 46 244 638 450
ship 0.0023 1814 546 1969 605
ship 0.0015 1732 410 1912 626
ship 0.0015 -7 178 1021 421
ship 0.0015 676 479 745 499
ship 0.0014 1539 502 1922 629
ship 0.0013 472 369 522 404
ship 0.0012 660 492 715 516
ship 0.0012 1856 523 1926 618
ship 0.0011 1527 522 1745 592
ship 0.0010 1878 394 1924 539
ship 0.0010 -44 86 759 366
ship 0.0010 464 391 1232 471
ship 0.0010 473 335 528 471
ship 0.0010 1577 563 1679 594
