ship 0.9284 112 303 1128 452
ship 0.6959 1461 651 1658 686
ship 0.0542 121 377 987 459
ship 0.0424 845 320 1126 458
ship 0.0386 97 172 1008 471
ship 0.0336 225 274 1592 439
ship 0.0188 487 335 1175 444
ship 0.0120 48 349 671 454
ship 0.0079 904 412 1127 466
ship 0.0060 672 297 1144 433
ship 0.0050 1470 660 1542 682
ship 0.0029 493 399 1007 444
ship 0.0027 950 272 1836 465
ship 0.0026 153 425 236 455
ship 0.0025 924 430 1034 462
ship 0.0023 145 429 203 452
ship 0.0019 844 386 1116 459
ship 0.0014 1018 343 1741 446
ship 0.0011 912 435 987 458
