ship 0.6368 1191 353 1556 443
ship 0.1644 1184 396 1527 444
ship 0.0645 1769 392 1886 420
ship 0.0352 1748 396 1843 418
ship 0.0166 1808 338 1914 431
ship 0.0051 1117 374 1519 465
ship 0.0038 1307 375 1577 435
ship 0.0038 1775 377 1927 424
ship 0.0035 1812 366 1905 413
ship 0.0028 1561 395 1650 417
ship 0.0026 1712 396 1807 416
ship 0.0018 1167 303 1664 435
ship 0.0017 1862 331 1924 436
ship 0.0016 1106 177 1953 399
ship 0.0014 1089 412 1168 430
ship 0.0013 1425 384 1708 419
ship 0.0013 1857 364 1919 409
ship 0.0012 1589 386 1836 417
ship 0.0012 383 397 467 420
ship 0.0011 1857 384 1916 421
ship 0.0010 1775 407 1883 425
ship 0.0010 1203 411 1277 440
