ship 0.5773 1293 64 1837 335
ship 0.0870 1277 187 1725 332
ship 0.0684 -16 -43 1667 781
ship 0.0403 6 676 94 752
ship 0.0339 1286 243 1495 324
ship 0.0200 958 1 1901 280
ship 0.0143 -4 433 386 770
ship 0.0137 1451 110 1867 261
ship 0.0112 3 715 59 755
ship 0.0107 13 713 84 748
ship 0.0094 16 641 229 709
ship 0.0087 -4 658 62 770
ship 0.0063 -3 562 391 724
ship 0.0056 2 657 168 729
ship 0.0056 0 697 64 744
ship 0.0036 2 623 107 725
ship 0.0034 1450 -77 1866 287
ship 0.0033 10 473 701 738
ship 0.0029 1298 221 1551 309
ship 0.0028 -12 270 828 782
ship 0.0023 1252 109 1647 288
ship 0.0020 0 492 208 710
ship 0.0018 7 600 196 761
ship 0.0017 5 580 107 782
ship 0.0017 1416 180 1653 264
ship 0.0015 1303 255 1408 341
ship 0.0015 75 8 1585 267
ship 0.0015 811 71 1682 344
ship 0.0015 1305 300 1413 342
ship 0.0014 1284 287 1465 338
ship 0.0013 1 597 52 749
ship 0.0013 1318 130 1567 323
ship 0.0012 -1 677 47 835
ship 0.0011 453 556 534 581
ship 0.0010 1 672 60 728
ship 0.0010 233 638 314 663
