ship 0.6917 915 293 1633 453
ship 0.6678 703 425 886 469
ship 0.1627 610 183 681 205
ship 0.0314 602 170 681 197
ship 0.0284 763 435 880 467
ship 0.0162 861 348 1480 447
ship 0.0143 928 375 1649 459
ship 0.0128 1366 298 1935 410
ship 0.0120 728 447 861 468
ship 0.0116 719 389 921 472
ship 0.0086 1187 336 1643 448
ship 0.0071 575 183 666 202
ship 0.0068 696 435 830 465
ship 0.0046 280 279 1739 442
ship 0.0037 911 394 1351 446
ship 0.0037 1710 260 1910 438
ship 0.0031 808 435 901 464
ship 0.0028 601 349 1247 444
ship 0.0024 1264 303 1704 430
ship 0.0022 606 158 690 228
ship 0.0022 1563 337 1914 432
ship 0.0021 529 158 695 203
ship 0.0020 588 165 1716 460
ship 0.0018 635 183 701 206
ship 0.0016 1373 346 1665 424
ship 0.0016 784 307 1414 423
ship 0.0014 619 200 680 218
ship 0.0012 575 173 708 210
