ship 0.2729 163 178 1485 368
ship 0.2321 825 267 1439 370
ship 0.1024 1268 263 1775 374
ship 0.0242 289 114 1876 348
ship 0.0128 194 132 658 260
ship 0.0120 618 210 1849 362
ship 0.0116 1442 318 1763 361
ship 0.0092 1004 316 1405 366
ship 0.0088 944 211 1464 358
ship 0.0078 1080 289 1384 361
ship 0.0075 1405 294 1734 353
ship 0.0068 1036 269 1656 355
ship 0.0050 122 117 985 319
ship 0.0040 213 220 1043 317
ship 0.0030 1676 349 1743 372
ship 0.0029 1311 348 1377 380
ship 0.0027 1311 368 1376 386
ship 0.0025 505 260 1349 352
ship 0.0018 131 89 1528 449
ship 0.0018 1675 329 1749 365
ship 0.0017 1659 295 1933 347
ship 0.0017 1175 307 1418 372
ship 0.0016 1536 293 1815 356
ship 0.0016 1495 255 1932 359
ship 0.0015 223 178 489 258
ship 0.0013 224 153 408 244
ship 0.0011 1611 311 1802 371
ship 0.0011 1631 331 1733 364
