ship 0.6595 69 332 337 398
ship 0.0739 1107 436 1794 514
ship 0.0411 1288 463 1704 509
ship 0.0057 1239 464 1538 502
ship 0.0042 788 404 1168 447
ship 0.0040 1292 473 1398 496
ship 0.0033 1387 486 1758 520
ship 0.0033 1433 463 1780 516
ship 0.0031 360 354 1191 438
ship 0.0026 1210 444 1572 495
ship 0.0025 727 397 1571 481
ship 0.0024 1266 472 1357 495
ship 0.0020 1773 286 1830 321
ship 0.0020 1325 476 1435 500
ship 0.0020 239 388 318 408
ship 0.0018 26 248 360 391
ship 0.0018 1766 235 1829 364
ship 0.0014 799 421 1156 459
ship 0.0013 1656 481 1931 539
ship 0.0013 281 390 327 408
ship 0.0013 956 420 1309 465
ship 0.0012 1516 497 1621 519
ship 0.0011 1113 446 1439 485
ship 0.0011 1786 237 1851 366
ship 0.0011 1006 434 1098 458
ship 0.0011 1551 499 1658 520
ship 0.0011 849 432 1571 497
ship 0.0010 172 352 348 402
ship 0.0010 1729 503 1917 544
