ship 0.9454 1105 350 1458 452
ship 0.4947 1664 430 1916 506
ship 0.1681 1695 276 1917 513
ship 0.0735 1137 367 1356 445
ship 0.0642 1595 378 1908 506
ship 0.0072 1179 283 1869 468
ship 0.0071 1702 401 1907 536
ship 0.0058 1197 349 1409 427
ship 0.0052 1149 390 1447 448
ship 0.0038 1110 390 1317 450
ship 0.0033 1808 215 1930 492
ship 0.0025 1869 334 1919 476
ship 0.0019 1308 729 1375 754
ship 0.0019 1236 359 1849 511
ship 0.0018 1876 282 1923 447
ship 0.0016 1871 384 1919 423
ship 0.0016 1872 370 1921 408
ship 0.0012 1745 392 1839 499
ship 0.0011 1121 405 1214 446
