ship 0.8817 -25 359 354 533
ship 0.1073 -1 418 251 475
ship 0.0136 10 497 326 553
ship 0.0124 -16 385 198 467
ship 0.0100 -11 282 227 509
ship 0.0059 98 416 387 485
ship 0.0056 -1 320 50 446
ship 0.0040 1 366 52 411
ship 0.0040 -11 455 339 549
ship 0.0039 6 335 93 433
ship 0.0035 -27 28 1942 356
ship 0.0023 277 452 344 489
ship 0.0022 1310 730 1377 754
ship 0.0021 3 383 54 425
ship 0.0021 190 430 352 503
ship 0.0018 113 433 206 464
ship 0.0017 -180 196 2083 390
ship 0.0016 6 370 99 479
ship 0.0014 1 403 52 449
ship 0.0012 82 411 172 447
ship 0.0011 -18 350 200 416
ship 0.0011 1878 334 1925 475
ship 0.0010 1877 387 1922 424
