ship 0.5141 1561 311 1915 488
ship 0.5108 1466 241 1876 526
ship 0.0794 1438 390 1897 537
ship 0.0159 1385 467 1623 546
ship 0.0092 1551 166 1911 458
ship 0.0071 1373 407 1709 545
ship 0.0066 1664 243 1927 461
ship 0.0045 967 507 1273 551
ship 0.0031 1435 317 1780 493
ship 0.0028 950 264 1925 479
ship 0.0018 1139 423 1587 535
ship 0.0017 1113 479 1446 545
ship 0.0013 1476 334 1860 615
ship 0.0012 1618 347 1895 418
ship 0.0012 1678 348 1927 511
ship 0.0011 151 178 2067 900
ship 0.0011 1434 335 1616 535
ship 0.0010 1559 385 1937 459
