ship 0.5860 1806 489 1919 567
ship 0.4248 951 359 1320 525
ship 0.3156 1030 386 1214 470
ship 0.0151 1034 430 1151 466
ship 0.0115 835 403 1214 529
ship 0.0091 1815 367 1931 583
ship 0.0073 1067 368 1241 450
ship 0.0045 1071 406 1172 455
ship 0.0042 882 452 1094 523
ship 0.0036 544 361 1414 512
ship 0.0035 1017 434 1109 466
ship 0.0022 969 268 1310 597
ship 0.0021 965 416 1165 474
ship 0.0021 1848 510 1925 555
ship 0.0019 1084 393 1171 429
ship 0.0019 1010 434 1232 484
ship 0.0013 879 373 1853 524
ship 0.0012 1092 391 1283 464
ship 0.0010 1022 393 1254 547
