ship 0.9695 1408 367 1766 491
ship 0.0492 1489 388 1715 459
ship 0.0324 1549 366 1723 439
ship 0.0141 1426 411 1718 471
ship 0.0109 1597 354 1742 426
ship 0.0086 1380 429 1468 458
ship 0.0037 1354 399 1649 465
ship 0.0035 1594 386 1687 424
ship 0.0032 1560 382 1778 467
ship 0.0028 1600 375 1694 409
ship 0.0025 -50 313 854 399
ship 0.0023 -5 342 424 393
ship 0.0020 1401 282 1767 576
ship 0.0020 1534 303 1768 481
ship 0.0019 1374 420 1561 468
ship 0.0019 1556 407 1656 444
ship 0.0013 1222 361 1843 513
ship 0.0013 0 309 46 456
ship 0.0011 -1 386 45 422
ship 0.0011 -16 30 1933 348
