ship 0.7275 1096 367 1477 525
ship 0.2614 1215 386 1404 471
ship 0.0484 1194 413 1368 474
ship 0.0314 1265 385 1487 464
ship 0.0242 1079 450 1269 524
ship 0.0135 1259 490 1443 525
ship 0.0123 1242 452 1453 527
ship 0.0106 1222 429 1332 467
ship 0.0048 1122 305 1461 639
ship 0.0039 1258 407 1358 453
ship 0.0038 1256 390 1456 549
ship 0.0030 1099 422 1300 510
ship 0.0025 1202 430 1416 489
ship 0.0020 1213 435 1286 463
ship 0.0016 934 381 1409 510
ship 0.0013 1269 321 1734 373
ship 0.0011 1293 406 1390 449
