ship 0.9858 109 321 843 534
ship 0.9789 1153 381 1601 503
ship 0.0076 363 356 704 419
ship 0.0076 1173 436 1537 506
ship 0.0072 130 413 841 522
ship 0.0062 687 450 878 521
ship 0.0052 660 474 906 540
ship 0.0042 54 364 515 508
ship 0.0040 102 303 1817 445
ship 0.0040 347 334 880 480
ship 0.0027 499 348 1422 511
ship 0.0025 113 480 453 534
ship 0.0024 78 410 335 484
ship 0.0023 300 350 551 416
ship 0.0022 79 448 180 486
ship 0.0020 1334 377 1571 447
ship 0.0018 660 401 843 488
ship 0.0016 95 388 166 503
ship 0.0015 755 388 833 504
ship 0.0015 70 432 262 495
ship 0.0011 69 251 904 631
ship 0.0010 1141 431 1208 465
