ship 0.4620 1 411 221 531
ship 0.2332 -18 453 261 521
ship 0.0950 13 397 92 493
ship 0.0225 4 345 128 520
ship 0.0139 3 277 202 517
ship 0.0094 -10 369 320 519
ship 0.0081 119 491 215 519
ship 0.0069 19 478 226 523
ship 0.0060 1 424 61 469
ship 0.0059 -1 386 59 502
ship 0.0058 12 413 87 451
ship 0.0054 -1 405 166 490
ship 0.0047 -29 30 1941 363
ship 0.0038 -2 332 55 477
ship 0.0035 10 347 92 462
ship 0.0033 161 472 233 506
ship 0.0020 892 312 1832 396
ship 0.0019 -174 192 2086 397
ship 0.0012 1879 333 1925 475
ship 0.0012 1878 387 1922 422
ship 0.0012 111 473 223 513
ship 0.0011 -50 404 108 483
ship 0.0010 1308 730 1377 759
