ship 0.8813 1584 320 1921 468
ship 0.0306 1628 417 1795 471
ship 0.0200 1563 168 1903 458
ship 0.0174 1671 247 1936 457
ship 0.0091 1666 346 1914 415
ship 0.0064 1592 364 1777 441
ship 0.0061 1634 416 1959 471
ship 0.0036 1431 268 1945 461
ship 0.0036 1640 430 1766 466
ship 0.0027 1716 156 1919 384
ship 0.0023 1566 268 1925 593
ship 0.0020 -20 32 1950 349
ship 0.0019 1722 298 1930 394
ship 0.0018 0 310 47 454
ship 0.0017 -48 312 844 398
ship 0.0017 1600 346 1836 425
ship 0.0017 1654 383 1763 466
ship 0.0014 1599 385 1691 425
ship 0.0013 0 362 48 407
ship 0.0012 0 385 44 421
