ship 0.5356 1570 348 1937 527
ship 0.2344 1460 211 1898 552
ship 0.1267 1663 242 1933 542
ship 0.0113 15 344 90 372
ship 0.0065 158 351 240 371
ship 0.0064 1813 309 1916 418
ship 0.0060 5 299 99 385
ship 0.0046 1266 315 1949 563
ship 0.0041 122 350 215 370
ship 0.0035 -9 295 56 389
ship 0.0034 -1 344 58 375
ship 0.0032 1783 289 1923 491
ship 0.0027 -5 322 58 369
ship 0.0026 1799 406 1924 485
ship 0.0025 348 120 2139 958
ship 0.0022 0 150 114 383
ship 0.0019 -7 169 381 537
ship 0.0019 -4 316 268 372
ship 0.0018 1861 310 1924 417
ship 0.0016 -60 309 118 373
ship 0.0016 1799 186 1924 429
ship 0.0015 1862 371 1921 480
ship 0.0014 1813 346 1912 393
ship 0.0012 1856 343 1919 390
ship 0.0011 14 333 766 550
ship 0.0011 1715 440 1928 526
ship 0.0011 1611 408 1885 533
ship 0.0011 -23 338 206 372
ship 0.0011 -54 415 716 537
ship 0.0010 1574 470 1644 510
ship 0.0010 879 251 1941 493
