ship 0.9731 155 340 641 462
ship 0.6923 898 373 1274 477
ship 0.0712 7 303 173 477
ship 0.0193 -3 240 120 462
ship 0.0168 0 355 98 454
ship 0.0127 416 343 630 428
ship 0.0105 -4 336 118 524
ship 0.0078 99 292 815 459
ship 0.0069 -12 327 54 442
ship 0.0056 -4 379 57 433
ship 0.0033 150 295 1449 435
ship 0.0031 905 394 1154 464
ship 0.0023 -50 369 106 435
ship 0.0018 -79 342 461 448
ship 0.0016 -11 359 214 496
ship 0.0016 -28 279 246 440
ship 0.0015 -1 400 56 442
ship 0.0014 106 181 704 444
ship 0.0012 908 350 1466 466
ship 0.0011 -9 358 55 417
ship 0.0010 -8 373 55 474
