ship 0.9808 427 329 1122 536
ship 0.9349 1387 382 1909 492
ship 0.2325 1404 275 1904 493
ship 0.0519 546 317 1020 484
ship 0.0192 42 286 1119 498
ship 0.0136 38 416 481 549
ship 0.0126 -25 457 425 563
ship 0.0113 941 281 1971 459
ship 0.0073 1284 342 1808 474
ship 0.0066 121 476 436 551
ship 0.0050 1718 399 1902 633
ship 0.0047 1365 167 1952 451
ship 0.0036 391 285 1774 482
ship 0.0036 1494 419 1922 475
ship 0.0030 56 270 468 602
ship 0.0029 -10 445 50 573
ship 0.0028 3 487 98 571
ship 0.0025 1681 376 1924 747
ship 0.0023 789 370 1142 513
ship 0.0022 1800 400 1926 628
ship 0.0021 -3 505 54 557
ship 0.0014 2 524 48 566
ship 0.0014 -78 337 590 557
ship 0.0013 58 367 572 505
ship 0.0013 1391 421 1774 477
ship 0.0012 417 150 1187 565
ship 0.0012 556 268 1005 602
ship 0.0010 -1 366 110 580
ship 0.0010 -30 257 268 617
