ship 0.8374 1225 521 1550 577
ship 0.6349 39 488 626 577
ship 0.0635 1200 489 1627 573
ship 0.0406 63 525 566 576
ship 0.0170 574 479 1257 564
ship 0.0111 1244 544 1527 579
ship 0.0049 811 507 1220 553
ship 0.0029 1564 505 1867 550
ship 0.0027 46 520 312 574
ship 0.0020 1187 499 1462 568
ship 0.0020 361 518 608 573
ship 0.0020 160 512 736 582
ship 0.0019 1359 502 1608 561
ship 0.0018 787 529 1174 560
ship 0.0016 1449 535 1534 566
ship 0.0015 873 483 1549 559
ship 0.0014 536 534 597 566
ship 0.0013 -4 458 46 598
ship 0.0013 1240 535 1322 570
ship 0.0012 1443 503 1700 555
ship 0.0011 1495 535 1551 561
ship 0.0011 626 508 1037 552
ship 0.0010 -8 509 48 549
