ship 0.3851 386 453 481 475
ship 0.3355 968 473 1483 545
ship 0.0604 1248 506 1436 544
ship 0.0493 1329 515 1423 543
ship 0.0326 1216 479 1464 545
ship 0.0187 1017 482 1394 530
ship 0.0161 1088 504 1460 541
ship 0.0120 257 450 359 469
ship 0.0111 924 514 980 549
ship 0.0109 356 447 511 479
ship 0.0079 907 473 1105 536
ship 0.0079 387 438 478 471
ship 0.0077 113 438 204 459
ship 0.0072 931 492 1008 529
ship 0.0062 -1 767 104 874
ship 0.0050 366 426 546 477
ship 0.0049 826 445 1490 535
ship 0.0034 919 475 979 578
ship 0.0029 929 465 1014 549
ship 0.0025 -26 417 212 466
ship 0.0022 1022 492 1087 520
ship 0.0022 -14 661 401 1042
ship 0.0021 995 462 1282 520
ship 0.0021 926 531 976 563
ship 0.0020 1045 490 1134 522
ship 0.0019 1338 532 1415 550
ship 0.0017 875 456 1077 522
ship 0.0017 935 457 1180 518
ship 0.0016 1334 493 1422 536
ship 0.0016 910 494 1028 558
ship 0.0014 935 474 1014 508
ship 0.0014 1272 482 1550 536
ship 0.0012 1335 470 1430 547
ship 0.0011 968 474 1053 507
ship 0.0010 400 410 506 482
ship 0.0010 1014 474 1094 509
