ship 0.8107 1228 532 1393 576
ship 0.0495 1219 494 1408 575
ship 0.0420 1279 539 1388 573
ship 0.0088 1225 551 1352 576
ship 0.0086 1103 523 1386 577
ship 0.0075 1253 524 1490 567
ship 0.0054 1439 505 1852 548
ship 0.0051 1125 484 1741 566
ship 0.0040 759 485 1504 570
ship 0.0038 1273 503 1575 558
ship 0.0027 1155 563 1241 583
ship 0.0023 1114 566 1207 584
ship 0.0016 1448 536 1534 555
ship 0.0014 1201 557 1294 579
ship 0.0013 1261 512 1365 561
ship 0.0011 -1 430 47 584
ship 0.0010 1326 537 1416 565
