ship 0.7661 57 462 1324 636
ship 0.0315 739 513 1351 631
ship 0.0288 106 567 527 615
ship 0.0126 61 512 1056 618
ship 0.0075 406 441 1764 622
ship 0.0059 420 515 1401 658
ship 0.0058 981 558 1314 621
ship 0.0045 622 344 1842 572
ship 0.0039 1861 520 1921 622
ship 0.0038 20 276 1369 639
ship 0.0036 761 566 1202 619
ship 0.0034 1811 529 1915 612
ship 0.0031 98 545 340 606
ship 0.0026 1204 588 1492 638
ship 0.0026 1142 419 1872 622
ship 0.0025 1862 568 1913 609
ship 0.0019 881 582 1285 630
ship 0.0019 1858 547 1915 599
ship 0.0019 195 552 1348 627
ship 0.0018 1229 594 1299 623
ship 0.0017 1138 510 1898 611
ship 0.0013 1349 323 1922 594
ship 0.0013 1224 579 1296 612
ship 0.0011 747 586 1146 626
ship 0.0011 143 547 495 605
ship 0.0011 94 549 746 623
ship 0.0011 1177 578 1284 615
ship 0.0011 1267 598 1338 625
