ship 0.2664 1707 81 1924 284
ship 0.1611 1 597 367 939
ship 0.1325 1724 156 1923 376
ship 0.0898 19 237 1286 657
ship 0.0469 47 416 1237 626
ship 0.0437 1778 501 1883 526
ship 0.0376 1788 29 1922 252
ship 0.0332 1787 206 1929 403
ship 0.0233 1785 301 1932 385
ship 0.0200 1780 119 1932 325
ship 0.0188 1719 -24 1925 231
ship 0.0134 1438 22 1922 374
ship 0.0065 1805 103 1919 208
ship 0.0054 -2 453 368 839
ship 0.0051 1752 492 1905 533
ship 0.0041 1795 339 1923 376
ship 0.0036 1802 -64 1927 183
ship 0.0033 1861 77 1924 192
ship 0.0028 48 647 313 883
ship 0.0025 1779 511 1887 530
ship 0.0018 1746 239 1906 454
ship 0.0017 -10 537 345 604
ship 0.0015 1732 277 1937 370
ship 0.0014 1853 297 1928 388
ship 0.0013 14 59 1898 685
ship 0.0012 1856 111 1920 162
ship 0.0011 1813 469 1910 545
ship 0.0010 1749 149 1905 236
ship 0.0010 1811 509 1904 535
