ship 0.1962 -13 658 391 961
ship 0.1666 1718 155 1906 377
ship 0.0648 1709 52 1911 320
ship 0.0103 1790 301 1923 385
ship 0.0101 1789 106 1931 348
ship 0.0058 -13 573 483 874
ship 0.0056 1797 14 1931 276
ship 0.0052 36 237 1283 629
ship 0.0051 1757 27 2003 430
ship 0.0028 1803 211 1925 402
ship 0.0028 1436 69 1905 346
ship 0.0025 1820 88 1902 224
ship 0.0019 70 756 409 944
ship 0.0019 24 641 675 946
ship 0.0018 266 677 420 754
ship 0.0012 1333 -16 2020 288
ship 0.0012 23 437 1272 613
ship 0.0011 1714 183 1799 291
