ship 0.1622 1718 155 1907 377
ship 0.1377 4 640 359 981
ship 0.0751 1708 52 1911 320
ship 0.0404 55 234 1249 635
ship 0.0114 83 431 1196 615
ship 0.0110 1791 302 1922 385
ship 0.0098 1790 105 1930 348
ship 0.0095 0 502 367 871
ship 0.0056 1796 14 1931 276
ship 0.0044 1758 26 2002 431
ship 0.0036 1442 68 1897 346
ship 0.0026 1804 210 1924 403
ship 0.0019 1081 830 1964 1078
ship 0.0019 1820 88 1902 225
ship 0.0015 1339 -16 2012 290
ship 0.0013 74 686 279 935
ship 0.0011 1734 -34 1907 245
ship 0.0010 1712 185 1803 288
ship 0.0010 13 540 258 603
ship 0.0010 1673 -91 1946 302
