ship 0.6549 32 567 501 878
ship 0.2273 1707 80 1923 285
ship 0.1539 1723 156 1922 376
ship 0.0337 1787 207 1929 403
ship 0.0268 1790 29 1921 252
ship 0.0230 1784 301 1932 383
ship 0.0203 1777 501 1882 526
ship 0.0191 1780 118 1932 325
ship 0.0146 1438 24 1921 373
ship 0.0133 8 232 1327 657
ship 0.0096 1719 -27 1925 234
ship 0.0093 1807 104 1918 207
ship 0.0068 93 606 522 782
ship 0.0065 1860 78 1925 192
ship 0.0039 1803 498 1905 530
ship 0.0032 1805 -64 1926 183
ship 0.0031 1780 512 1885 530
ship 0.0027 1793 339 1924 375
ship 0.0024 1733 278 1936 370
ship 0.0021 1856 111 1921 162
ship 0.0017 0 62 1904 686
ship 0.0017 63 466 637 819
ship 0.0016 1745 240 1907 452
ship 0.0012 0 529 694 1023
ship 0.0012 1776 487 1926 537
ship 0.0010 1859 91 1922 145
ship 0.0010 1853 297 1928 387
