ship 0.2409 1707 81 1923 284
ship 0.2165 425 666 515 695
ship 0.2024 6 605 349 931
ship 0.1191 1723 155 1922 377
ship 0.0733 8 232 1289 661
ship 0.0429 1778 501 1883 526
ship 0.0328 1789 30 1922 252
ship 0.0267 389 657 532 700
ship 0.0252 27 411 1249 629
ship 0.0243 1787 206 1930 403
ship 0.0174 1783 301 1933 385
ship 0.0161 1781 120 1931 324
ship 0.0141 1718 -25 1926 233
ship 0.0135 -32 643 299 826
ship 0.0134 452 676 524 699
ship 0.0131 1435 21 1920 376
ship 0.0123 1 467 364 824
ship 0.0092 1807 104 1918 207
ship 0.0075 34 560 509 876
ship 0.0059 -16 708 293 905
ship 0.0056 1752 492 1904 533
ship 0.0048 1860 78 1925 191
ship 0.0035 450 643 539 703
ship 0.0034 1779 511 1886 530
ship 0.0030 6 534 271 606
ship 0.0027 1794 340 1923 377
ship 0.0025 1803 -65 1928 184
ship 0.0018 79 622 565 741
ship 0.0017 1855 111 1920 162
ship 0.0016 64 560 287 806
ship 0.0014 1744 237 1906 456
ship 0.0013 7 58 1899 687
ship 0.0012 1730 278 1937 370
ship 0.0012 1855 295 1927 390
ship 0.0012 1813 469 1910 545
ship 0.0011 1812 509 1904 534
ship 0.0011 1750 149 1902 236
