ship 0.4704 -7 614 371 924
ship 0.2196 1715 154 1908 378
ship 0.0836 1706 50 1911 322
ship 0.0183 50 233 1272 633
ship 0.0106 1788 106 1930 348
ship 0.0070 1789 302 1923 384
ship 0.0062 29 750 367 937
ship 0.0054 1758 27 2002 430
ship 0.0053 1796 14 1932 277
ship 0.0044 1441 70 1893 346
ship 0.0026 1820 90 1902 221
ship 0.0021 1803 210 1924 403
ship 0.0016 1331 -13 2018 289
ship 0.0016 51 429 1250 615
ship 0.0014 -6 447 388 840
ship 0.0013 261 602 308 627
ship 0.0013 1663 105 1860 345
ship 0.0011 1734 -32 1906 244
ship 0.0011 12 160 1900 900
