ship 0.3348 57 631 453 897
ship 0.2236 1710 81 1923 285
ship 0.1235 1723 155 1922 377
ship 0.0333 1789 29 1922 253
ship 0.0331 4 521 378 850
ship 0.0256 1787 206 1930 404
ship 0.0244 1776 501 1884 527
ship 0.0192 1783 302 1933 384
ship 0.0175 1781 119 1931 324
ship 0.0159 13 227 1314 662
ship 0.0119 1435 23 1922 374
ship 0.0094 1721 -27 1925 234
ship 0.0087 1807 103 1919 208
ship 0.0058 74 605 423 784
ship 0.0057 1860 77 1925 193
ship 0.0047 14 770 402 900
ship 0.0046 1751 492 1906 534
ship 0.0040 31 407 1260 632
ship 0.0034 1805 -65 1927 183
ship 0.0027 1794 340 1923 376
ship 0.0023 -1 71 1904 677
ship 0.0019 1856 111 1921 162
ship 0.0016 1760 117 1971 421
ship 0.0014 1811 509 1906 536
ship 0.0014 1745 237 1906 456
ship 0.0013 1855 295 1928 390
ship 0.0012 1750 149 1905 236
ship 0.0011 1729 278 1939 370
