ship 0.9127 63 573 599 861
ship 0.2418 1708 81 1922 285
ship 0.1332 1723 156 1922 377
ship 0.0285 1789 29 1922 253
ship 0.0256 1787 206 1930 404
ship 0.0215 1797 295 1924 390
ship 0.0164 1779 119 1932 325
ship 0.0157 1778 501 1883 526
ship 0.0128 1441 23 1926 372
ship 0.0110 1720 -28 1925 235
ship 0.0073 1807 102 1919 209
ship 0.0056 50 370 713 880
ship 0.0051 1860 77 1925 193
ship 0.0040 1804 -65 1926 183
ship 0.0037 1796 340 1922 376
ship 0.0035 17 229 1328 658
ship 0.0026 138 652 624 814
ship 0.0021 20 722 631 861
ship 0.0019 1750 491 1906 533
ship 0.0018 6 57 1901 689
ship 0.0017 1758 117 1972 421
ship 0.0017 1781 512 1886 530
ship 0.0016 1856 111 1921 162
ship 0.0016 10 529 1912 1207
ship 0.0015 1745 239 1906 454
ship 0.0011 1748 150 1906 236
ship 0.0010 443 635 621 715
ship 0.0010 1730 278 1937 370
