ship 0.7258 506 594 927 782
ship 0.1267 1711 78 1922 287
ship 0.1074 1726 154 1921 379
ship 0.0233 1790 29 1923 252
ship 0.0217 1788 207 1930 403
ship 0.0168 1798 296 1923 389
ship 0.0127 1782 118 1932 325
ship 0.0115 1431 22 1924 374
ship 0.0077 1686 -60 1930 271
ship 0.0053 52 231 1283 659
ship 0.0046 495 450 918 756
ship 0.0033 1808 100 1918 211
ship 0.0033 1798 340 1921 375
ship 0.0027 1805 -64 1926 182
ship 0.0022 1862 74 1924 195
ship 0.0016 546 523 989 707
ship 0.0015 497 698 928 800
ship 0.0014 57 409 1090 654
ship 0.0013 1745 237 1905 456
ship 0.0012 -36 498 810 607
ship 0.0010 431 589 1375 785
