ship 0.8118 810 569 1146 732
ship 0.1254 1711 77 1923 288
ship 0.1061 1724 155 1921 377
ship 0.0273 1790 29 1922 252
ship 0.0204 1788 207 1930 403
ship 0.0156 1783 302 1934 384
ship 0.0135 -18 238 1374 654
ship 0.0133 1782 117 1932 326
ship 0.0131 1429 21 1922 376
ship 0.0084 1722 -27 1925 233
ship 0.0066 798 652 1149 730
ship 0.0042 1807 102 1918 209
ship 0.0041 743 484 1123 717
ship 0.0031 1805 -65 1927 182
ship 0.0027 1797 340 1922 375
ship 0.0027 1862 76 1924 194
ship 0.0026 605 430 1361 676
ship 0.0023 847 525 1137 834
ship 0.0018 1776 501 1885 526
ship 0.0016 -16 335 1148 581
ship 0.0015 1759 116 1972 422
ship 0.0014 1855 295 1928 390
ship 0.0014 248 320 1666 597
ship 0.0012 1746 237 1905 457
ship 0.0011 703 531 1442 724
