ship 0.8367 935 569 1222 722
ship 0.1409 1711 78 1923 287
ship 0.1201 1725 154 1922 378
ship 0.0345 23 333 1277 594
ship 0.0294 1790 29 1922 251
ship 0.0260 1787 207 1930 403
ship 0.0227 1783 303 1934 384
ship 0.0200 925 632 1239 711
ship 0.0193 916 418 1219 704
ship 0.0153 1782 117 1931 326
ship 0.0130 1430 21 1922 375
ship 0.0102 1721 -26 1926 233
ship 0.0094 13 132 1356 637
ship 0.0050 1807 103 1918 208
ship 0.0036 1796 340 1922 375
ship 0.0034 1804 -64 1927 182
ship 0.0033 1861 77 1924 192
ship 0.0031 117 412 1430 646
ship 0.0029 1777 501 1884 526
ship 0.0024 1019 489 1219 715
ship 0.0013 1804 498 1907 530
ship 0.0013 1853 296 1929 389
ship 0.0013 1745 238 1906 455
ship 0.0012 1856 112 1920 162
ship 0.0010 1753 69 1973 387
ship 0.0010 1727 278 1940 370
