ship 0.7449 1032 573 1300 709
ship 0.1258 1713 77 1923 288
ship 0.1072 1724 154 1921 378
ship 0.0896 25 327 1254 601
ship 0.0344 1790 29 1922 251
ship 0.0200 1058 630 1317 707
ship 0.0194 1788 207 1930 402
ship 0.0182 1798 296 1923 390
ship 0.0154 1783 117 1931 326
ship 0.0148 23 129 1336 644
ship 0.0128 983 426 1312 695
ship 0.0123 1426 19 1919 381
ship 0.0103 1721 -25 1926 232
ship 0.0049 906 531 1300 690
ship 0.0048 1807 103 1918 208
ship 0.0033 1797 340 1921 376
ship 0.0032 1803 -64 1927 182
ship 0.0031 1778 500 1884 526
ship 0.0029 1861 77 1924 192
ship 0.0024 1037 493 1277 782
ship 0.0014 1761 116 1971 422
ship 0.0014 1803 497 1908 530
ship 0.0012 1728 278 1938 370
ship 0.0012 1743 234 1906 459
ship 0.0011 1856 112 1920 162
