ship 0.4031 1141 579 1401 702
ship 0.2202 1715 151 1909 381
ship 0.0401 1191 504 1380 695
ship 0.0097 1787 104 1932 351
ship 0.0076 1723 6 1909 286
ship 0.0061 1756 27 2005 430
ship 0.0049 89 426 1770 640
ship 0.0048 1790 302 1922 384
ship 0.0038 -5 277 1860 618
ship 0.0033 925 542 1418 681
ship 0.0027 1800 209 1927 404
ship 0.0025 1427 68 1905 353
ship 0.0023 1158 479 1411 800
ship 0.0019 1063 478 1400 673
ship 0.0017 -33 136 1184 605
ship 0.0017 1821 88 1901 224
ship 0.0015 1812 -27 1933 236
ship 0.0010 1719 180 1796 295
