ship 0.1264 1715 104 1907 347
ship 0.0851 47 231 1234 637
ship 0.0303 69 424 1180 615
ship 0.0255 11 607 195 844
ship 0.0145 1791 303 1921 383
ship 0.0104 1797 163 1930 370
ship 0.0080 1749 214 1900 398
ship 0.0071 1687 -43 1930 335
ship 0.0066 -2 649 125 882
ship 0.0061 -1 571 53 613
ship 0.0058 1793 65 1929 305
ship 0.0047 1 708 179 811
ship 0.0042 -1 527 50 652
ship 0.0034 0 533 226 920
ship 0.0033 7 573 89 610
ship 0.0029 12 685 185 930
ship 0.0026 1760 28 2000 429
ship 0.0024 1441 67 1909 339
ship 0.0023 1808 -31 1931 239
ship 0.0021 19 518 194 766
ship 0.0020 8 544 91 634
ship 0.0019 -4 592 53 624
ship 0.0017 1361 -19 1995 290
ship 0.0016 -2 560 117 809
ship 0.0016 14 593 83 618
ship 0.0014 12 442 362 846
ship 0.0014 1666 66 1853 302
ship 0.0014 1817 87 1905 226
ship 0.0012 37 704 215 778
ship 0.0010 0 550 50 598
