ship 0.1234 1712 104 1908 347
ship 0.0841 -4 586 365 952
ship 0.0462 56 232 1252 635
ship 0.0104 1791 304 1921 382
ship 0.0082 77 429 1203 615
ship 0.0078 1798 163 1929 370
ship 0.0072 1747 213 1900 399
ship 0.0070 1685 -42 1932 335
ship 0.0052 1793 65 1928 305
ship 0.0040 10 675 332 876
ship 0.0024 1440 68 1907 339
ship 0.0023 1758 26 2000 431
ship 0.0023 164 705 303 769
ship 0.0019 1665 66 1853 303
ship 0.0016 1818 87 1904 226
ship 0.0016 1355 -18 1999 289
ship 0.0016 1810 -31 1931 239
ship 0.0012 -3 696 390 1088
ship 0.0011 26 447 352 839
ship 0.0010 1700 48 1918 262
