ship 0.2252 1706 80 1923 285
ship 0.2068 46 633 444 922
ship 0.1412 1721 157 1921 375
ship 0.0617 10 234 1288 655
ship 0.0349 1779 501 1881 526
ship 0.0322 1789 29 1922 252
ship 0.0274 1786 206 1930 404
ship 0.0233 1783 301 1933 385
ship 0.0157 1779 118 1932 326
ship 0.0145 31 414 1242 623
ship 0.0136 1721 -25 1924 233
ship 0.0126 1444 23 1926 374
ship 0.0081 1806 103 1919 208
ship 0.0050 -3 505 384 870
ship 0.0043 1860 77 1925 192
ship 0.0036 1752 492 1904 533
ship 0.0032 1793 340 1924 377
ship 0.0030 30 585 682 865
ship 0.0028 1804 -65 1927 184
ship 0.0019 1745 239 1907 454
ship 0.0017 1757 118 1972 420
ship 0.0016 1731 278 1937 369
ship 0.0014 1855 295 1928 390
ship 0.0014 1856 111 1921 162
ship 0.0011 1751 149 1905 236
