ship 0.5812 0 658 161 735
ship 0.1841 7 600 178 756
ship 0.1465 71 226 1286 660
ship 0.0443 1716 144 1905 392
ship 0.0236 10 545 119 738
ship 0.0220 -4 629 123 719
ship 0.0199 1673 33 1943 424
ship 0.0148 62 417 1237 643
ship 0.0083 20 641 210 718
ship 0.0055 22 677 141 726
ship 0.0042 1786 297 1920 391
ship 0.0034 66 342 1786 591
ship 0.0032 16 167 1907 894
ship 0.0022 1800 152 1927 383
ship 0.0019 1727 8 1904 283
ship 0.0017 -10 625 327 740
ship 0.0017 15 491 185 713
ship 0.0015 -1 692 141 743
ship 0.0011 757 853 1995 1075
ship 0.0011 29 659 135 705
