ship 0.8036 472 625 646 691
ship 0.0423 1718 154 1921 377
ship 0.0273 415 599 664 708
ship 0.0173 1779 303 1933 381
ship 0.0160 473 661 647 710
ship 0.0138 1701 77 1909 285
ship 0.0121 1680 10 1925 364
ship 0.0118 132 419 1190 651
ship 0.0087 466 642 622 678
ship 0.0069 248 556 1147 649
ship 0.0047 118 591 695 690
ship 0.0042 34 244 1341 638
ship 0.0039 1791 209 1930 399
ship 0.0037 1037 595 1147 619
ship 0.0032 1794 322 1918 370
ship 0.0023 1392 25 1927 394
ship 0.0021 181 626 658 714
ship 0.0017 998 585 1171 626
ship 0.0016 -14 338 1905 586
ship 0.0015 57 517 780 692
ship 0.0015 1736 490 1912 535
ship 0.0015 1772 501 1892 527
ship 0.0014 1723 -32 1913 238
ship 0.0013 1794 31 1925 248
ship 0.0013 457 606 620 673
ship 0.0012 1786 116 1933 328
ship 0.0010 1819 510 1905 536
ship 0.0010 1713 265 1939 344
