ship 0.9587 685 624 838 690
ship 0.0551 576 590 861 702
ship 0.0389 89 410 1239 645
ship 0.0328 697 622 819 661
ship 0.0322 1718 153 1921 378
ship 0.0151 1779 302 1933 381
ship 0.0123 58 322 1526 604
ship 0.0095 1678 8 1927 367
ship 0.0084 1702 75 1909 287
ship 0.0079 702 608 855 672
ship 0.0060 1770 500 1893 528
ship 0.0056 1733 280 1931 366
ship 0.0055 1744 491 1908 535
ship 0.0031 659 649 868 693
ship 0.0030 1793 209 1930 399
ship 0.0029 1801 340 1918 374
ship 0.0027 1816 510 1904 535
ship 0.0024 -49 197 1948 565
ship 0.0019 1386 28 1931 392
ship 0.0015 1039 596 1142 620
ship 0.0012 931 602 1021 628
ship 0.0011 1811 468 1912 547
ship 0.0011 1796 31 1925 249
ship 0.0011 1788 115 1933 329
ship 0.0010 613 544 1187 640
ship 0.0010 1856 295 1927 389
ship 0.0010 0 147 1154 617
ship 0.0010 1725 -31 1911 238
