ship 0.7617 1026 608 1152 665
ship 0.2293 9 411 1297 646
ship 0.1005 1029 576 1145 653
ship 0.0428 -12 262 1609 647
ship 0.0345 1673 58 1934 401
ship 0.0158 1780 303 1932 381
ship 0.0133 1698 79 1910 283
ship 0.0082 948 538 1302 661
ship 0.0076 1731 200 1918 411
ship 0.0060 1732 279 1931 367
ship 0.0059 1010 620 1125 658
ship 0.0056 894 497 1361 631
ship 0.0053 1784 155 1934 374
ship 0.0039 1023 632 1114 664
ship 0.0032 1796 322 1917 370
ship 0.0030 1584 -18 1901 314
ship 0.0030 1740 490 1910 535
ship 0.0028 1388 28 1931 391
ship 0.0027 1770 500 1893 528
ship 0.0019 1044 524 1224 672
ship 0.0016 1816 510 1905 536
ship 0.0016 1719 -31 1915 238
ship 0.0014 198 337 1993 582
ship 0.0014 1794 33 1925 247
ship 0.0012 950 581 1193 680
ship 0.0011 1219 561 1325 590
ship 0.0011 1063 630 1153 664
ship 0.0010 1856 296 1927 389
ship 0.0010 195 545 1200 640
