ship 0.2977 16 423 1273 638
ship 0.2133 1468 595 1542 637
ship 0.1488 53 243 1303 660
ship 0.0701 1474 614 1539 636
ship 0.0480 1449 553 1547 631
ship 0.0439 1716 157 1921 375
ship 0.0269 1460 577 1542 623
ship 0.0220 1778 303 1933 380
ship 0.0133 1677 10 1926 365
ship 0.0129 1698 77 1910 285
ship 0.0085 1771 500 1892 528
ship 0.0072 1439 585 1559 637
ship 0.0045 1746 491 1905 534
ship 0.0038 1794 323 1918 370
ship 0.0036 1791 209 1930 398
ship 0.0035 22 339 1870 600
ship 0.0035 1126 549 1338 598
ship 0.0030 1390 26 1929 392
ship 0.0027 1 97 1910 658
ship 0.0021 1814 509 1904 535
ship 0.0015 1458 591 1545 664
ship 0.0014 1661 109 1850 339
ship 0.0014 1714 -32 1913 238
ship 0.0011 1712 264 1939 345
ship 0.0011 1786 115 1933 328
ship 0.0010 1855 297 1927 388
