ship 0.6099 57 218 1299 667
ship 0.0700 1159 618 1260 656
ship 0.0592 137 645 212 672
ship 0.0455 1710 142 1908 394
ship 0.0263 1672 37 1944 421
ship 0.0241 1129 576 1278 654
ship 0.0209 160 340 1673 601
ship 0.0139 141 641 247 667
ship 0.0122 1176 601 1282 660
ship 0.0077 312 418 1502 643
ship 0.0077 1177 632 1269 660
ship 0.0044 1132 515 1296 677
ship 0.0042 974 545 1304 666
ship 0.0022 1784 297 1923 392
ship 0.0021 1150 596 1264 644
ship 0.0019 -151 37 1495 854
ship 0.0019 122 634 286 669
ship 0.0018 1727 10 1902 281
ship 0.0018 1142 547 1314 632
ship 0.0018 1799 152 1927 384
ship 0.0017 34 515 1285 677
ship 0.0015 135 654 200 678
ship 0.0014 61 254 1806 527
ship 0.0013 787 849 1970 1076
ship 0.0013 1662 59 1846 313
ship 0.0012 1070 458 1254 662
