ship 0.4291 18 419 1265 640
ship 0.1369 1264 579 1361 647
ship 0.0720 1284 613 1364 653
ship 0.0447 1717 154 1922 377
ship 0.0446 -6 261 1565 652
ship 0.0221 1779 302 1933 381
ship 0.0115 1700 77 1909 284
ship 0.0105 1679 10 1925 365
ship 0.0078 1294 598 1380 661
ship 0.0075 1289 635 1358 654
ship 0.0071 1296 546 1384 639
ship 0.0065 992 513 1431 624
ship 0.0048 1791 209 1930 399
ship 0.0043 1140 540 1421 649
ship 0.0039 1795 322 1917 370
ship 0.0028 1390 26 1927 393
ship 0.0023 1231 560 1372 633
ship 0.0022 -27 212 1937 840
ship 0.0021 1295 575 1374 624
ship 0.0021 1770 500 1893 527
ship 0.0020 1737 491 1910 534
ship 0.0017 1112 556 1358 619
ship 0.0014 199 343 1998 577
ship 0.0013 1720 -32 1914 239
ship 0.0012 1819 510 1905 536
ship 0.0012 1266 604 1402 648
ship 0.0012 1787 115 1933 329
ship 0.0011 1713 264 1939 345
ship 0.0011 1674 180 1834 259
ship 0.0011 1795 33 1925 247
ship 0.0011 1854 297 1928 388
