ship 0.2637 1386 612 1462 641
ship 0.2626 1374 580 1465 643
ship 0.2179 6 419 1280 639
ship 0.0462 -15 239 1160 648
ship 0.0419 1718 154 1921 377
ship 0.0251 1779 303 1933 381
ship 0.0108 1678 10 1926 365
ship 0.0102 1700 76 1910 286
ship 0.0054 1791 209 1930 399
ship 0.0053 1770 500 1893 528
ship 0.0051 1741 491 1909 534
ship 0.0043 1801 340 1917 374
ship 0.0034 0 99 1911 657
ship 0.0033 1349 562 1482 636
ship 0.0027 -4 337 1896 602
ship 0.0027 1387 26 1930 393
ship 0.0024 1361 616 1439 639
ship 0.0023 1396 598 1486 635
ship 0.0021 1350 598 1448 636
ship 0.0017 1817 509 1904 535
ship 0.0015 1021 519 1552 623
ship 0.0013 -5 656 48 693
ship 0.0012 1854 297 1928 387
ship 0.0012 1717 -32 1914 237
ship 0.0011 1190 548 1523 647
ship 0.0011 1788 115 1933 329
ship 0.0011 1391 635 1465 652
ship 0.0010 1681 200 1826 273
ship 0.0010 1850 321 1923 368
