ship 0.5391 64 221 1248 657
ship 0.1192 1668 595 1740 632
ship 0.0494 1670 36 1946 422
ship 0.0477 1707 143 1911 394
ship 0.0389 1667 543 1750 642
ship 0.0132 1651 568 1725 649
ship 0.0081 1644 583 1768 639
ship 0.0080 1672 571 1745 625
ship 0.0075 175 339 1663 581
ship 0.0060 30 256 1845 522
ship 0.0046 1653 611 1717 637
ship 0.0031 1784 299 1921 389
ship 0.0031 1658 55 1849 317
ship 0.0028 1678 172 1822 268
ship 0.0027 1715 11 1904 281
ship 0.0026 144 409 1364 629
ship 0.0017 1799 152 1927 383
ship 0.0016 16 87 1910 669
ship 0.0010 1676 224 1776 260
