ship 0.1296 21 413 1285 638
ship 0.1062 46 231 1322 666
ship 0.0484 1502 615 1584 643
ship 0.0317 1518 568 1607 656
ship 0.0269 1718 151 1923 380
ship 0.0243 1517 596 1598 640
ship 0.0140 1779 302 1933 380
ship 0.0120 1703 28 1913 255
ship 0.0084 1125 549 1334 597
ship 0.0073 6 150 1906 745
ship 0.0067 1733 280 1931 366
ship 0.0042 1486 592 1591 667
ship 0.0041 1041 597 1143 620
ship 0.0039 -30 339 1927 601
ship 0.0035 1793 208 1930 400
ship 0.0029 1795 322 1918 369
ship 0.0028 1588 -18 1895 314
ship 0.0025 924 585 1170 627
ship 0.0017 1376 29 1926 392
ship 0.0015 1211 560 1326 590
ship 0.0015 1085 598 1151 619
ship 0.0014 894 503 1382 612
ship 0.0013 1627 102 1889 283
ship 0.0011 1800 -21 1924 222
