ship 0.4954 1455 614 1545 646
ship 0.2631 1442 575 1551 650
ship 0.2082 15 412 1274 638
ship 0.0497 -21 232 1165 653
ship 0.0416 1719 153 1922 379
ship 0.0174 1779 302 1933 380
ship 0.0138 1680 -27 1928 319
ship 0.0135 1700 79 1909 283
ship 0.0117 1122 548 1337 598
ship 0.0071 1471 598 1562 640
ship 0.0050 22 339 1867 599
ship 0.0048 1792 209 1930 399
ship 0.0034 1794 322 1918 369
ship 0.0030 -65 123 1734 768
ship 0.0026 1434 620 1513 642
ship 0.0021 1459 635 1543 652
ship 0.0017 1415 907 1890 1050
ship 0.0016 1375 29 1928 392
ship 0.0016 1713 264 1939 345
ship 0.0013 888 502 1382 610
ship 0.0011 1602 57 1881 404
ship 0.0011 1793 33 1926 247
ship 0.0010 171 175 1992 573
ship 0.0010 1787 117 1933 326
