ship 0.2085 16 412 1282 641
ship 0.1682 1357 616 1459 656
ship 0.0623 1358 571 1472 657
ship 0.0436 -7 249 1587 659
ship 0.0393 1720 152 1923 379
ship 0.0253 1346 633 1445 655
ship 0.0211 1779 302 1932 381
ship 0.0132 1679 -27 1928 320
ship 0.0102 1700 79 1909 283
ship 0.0084 1735 279 1929 366
ship 0.0076 1337 596 1447 645
ship 0.0053 1792 210 1930 398
ship 0.0049 1800 340 1917 375
ship 0.0041 1771 500 1893 528
ship 0.0037 1741 491 1908 534
ship 0.0023 1819 510 1904 535
ship 0.0021 1379 27 1925 392
ship 0.0012 1600 56 1882 405
ship 0.0012 1800 -21 1924 221
ship 0.0010 1812 468 1911 548
ship 0.0010 1248 553 1521 659
ship 0.0010 1855 297 1927 388
ship 0.0010 1661 17 1849 273
