ship 0.6793 60 212 1312 679
ship 0.4681 1066 597 1196 673
ship 0.0522 1052 509 1216 685
ship 0.0447 1713 144 1908 393
ship 0.0272 1668 36 1946 423
ship 0.0258 38 331 1813 597
ship 0.0109 242 411 1596 645
ship 0.0088 1073 650 1179 680
ship 0.0068 1106 563 1201 665
ship 0.0062 1782 300 1924 389
ship 0.0046 1088 634 1204 670
ship 0.0034 977 475 1304 663
ship 0.0031 -154 48 1505 848
ship 0.0023 1800 152 1927 384
ship 0.0022 32 513 1289 684
ship 0.0018 715 552 1262 657
ship 0.0015 1726 9 1902 283
ship 0.0013 1129 549 1344 597
ship 0.0010 998 571 1199 654
