ship 0.6582 991 634 1113 683
ship 0.3759 992 595 1110 674
ship 0.1203 43 233 1310 661
ship 0.0356 -11 401 1146 644
ship 0.0315 1721 152 1922 379
ship 0.0136 1778 302 1933 380
ship 0.0116 1128 550 1333 596
ship 0.0106 1706 27 1912 257
ship 0.0102 55 334 1837 595
ship 0.0038 254 421 1619 629
ship 0.0036 1794 209 1929 399
ship 0.0028 876 532 1373 658
ship 0.0026 1795 323 1918 369
ship 0.0026 1210 561 1329 590
ship 0.0025 1006 599 1099 639
ship 0.0024 885 582 1111 688
ship 0.0019 966 516 1150 683
ship 0.0018 1584 -18 1899 314
ship 0.0017 968 578 1124 654
ship 0.0017 810 491 1287 629
ship 0.0017 1382 24 1916 393
ship 0.0017 1737 489 1912 535
ship 0.0017 972 622 1085 659
ship 0.0016 1026 618 1121 663
ship 0.0014 -168 87 1550 806
ship 0.0013 1804 496 1909 533
ship 0.0013 1674 178 1836 261
ship 0.0013 991 655 1070 677
ship 0.0012 1713 264 1939 344
ship 0.0011 154 177 2004 568
ship 0.0011 1795 32 1925 247
