ship 0.8916 822 620 972 692
ship 0.1017 839 595 966 674
ship 0.0513 50 404 1255 640
ship 0.0304 1721 150 1922 382
ship 0.0204 1778 303 1933 381
ship 0.0173 12 255 1584 627
ship 0.0129 1705 29 1912 254
ship 0.0124 781 648 1008 688
ship 0.0099 738 593 986 694
ship 0.0049 1793 208 1930 400
ship 0.0043 1770 501 1892 528
ship 0.0042 1800 340 1916 374
ship 0.0042 1125 549 1336 598
ship 0.0035 1742 491 1908 535
ship 0.0028 816 622 939 660
ship 0.0017 1816 510 1905 535
ship 0.0014 1581 -17 1903 313
ship 0.0013 1671 178 1836 260
ship 0.0012 1381 28 1921 389
ship 0.0010 695 542 1235 655
