ship 0.9618 439 639 656 713
ship 0.0377 69 312 1254 606
ship 0.0281 1718 150 1922 382
ship 0.0244 1702 31 1913 252
ship 0.0182 1779 303 1932 381
ship 0.0119 137 426 1181 649
ship 0.0096 339 604 679 709
ship 0.0093 409 625 617 694
ship 0.0068 491 623 691 693
ship 0.0034 1795 323 1917 370
ship 0.0032 1794 208 1930 400
ship 0.0031 1771 501 1893 527
ship 0.0029 1125 549 1338 597
ship 0.0028 1587 -13 1899 308
ship 0.0025 492 642 637 680
ship 0.0025 142 596 693 689
ship 0.0025 1737 492 1910 534
ship 0.0022 -44 198 1938 567
ship 0.0018 1819 510 1904 534
ship 0.0017 1385 25 1918 392
ship 0.0016 1798 -21 1924 222
ship 0.0013 1672 177 1838 261
ship 0.0013 1628 105 1892 280
ship 0.0013 34 546 762 660
ship 0.0010 1855 296 1927 389
