ship 0.9033 346 631 583 721
ship 0.0472 393 619 572 690
ship 0.0317 1720 149 1922 382
ship 0.0314 1701 32 1914 252
ship 0.0231 1780 302 1932 382
ship 0.0101 77 310 1249 604
ship 0.0072 96 589 603 694
ship 0.0066 1734 280 1930 367
ship 0.0060 1801 340 1917 375
ship 0.0051 1793 208 1930 401
ship 0.0039 1771 501 1892 528
ship 0.0035 113 421 1163 653
ship 0.0035 1738 492 1908 535
ship 0.0027 1586 -10 1901 305
ship 0.0025 423 640 559 676
ship 0.0020 1125 548 1336 598
ship 0.0020 -33 193 1934 573
ship 0.0020 1798 -21 1923 222
ship 0.0018 1387 25 1916 392
ship 0.0018 1817 510 1903 535
ship 0.0015 1628 106 1893 279
ship 0.0013 144 625 577 719
ship 0.0013 1675 178 1837 261
ship 0.0012 1855 296 1927 389
ship 0.0010 38 541 622 660
