ship 0.7063 -3 614 279 744
ship 0.0710 13 413 1292 649
ship 0.0447 24 680 257 735
ship 0.0356 1700 34 1913 250
ship 0.0311 1718 150 1921 382
ship 0.0218 1779 303 1932 382
ship 0.0161 -28 465 270 737
ship 0.0148 -25 256 1613 649
ship 0.0126 80 652 291 732
ship 0.0103 1123 550 1339 597
ship 0.0099 84 627 237 690
ship 0.0063 1733 280 1931 367
ship 0.0059 1802 340 1917 375
ship 0.0042 1793 207 1930 401
ship 0.0031 102 641 225 677
ship 0.0027 1585 -9 1903 303
ship 0.0024 1738 491 1910 535
ship 0.0022 1771 501 1893 528
ship 0.0021 1630 106 1893 278
ship 0.0019 1676 177 1835 262
ship 0.0017 1208 561 1330 592
ship 0.0016 1383 28 1923 391
ship 0.0015 -5 467 129 736
ship 0.0014 1855 296 1927 389
ship 0.0013 1798 -20 1923 222
ship 0.0012 1817 510 1904 536
ship 0.0012 1689 219 1808 259
ship 0.0010 -165 86 1545 808
ship 0.0010 -83 568 228 735
ship 0.0010 1851 321 1922 368
ship 0.0010 -5 514 1063 677
