ship 0.3622 63 219 1261 664
ship 0.3300 0 646 111 745
ship 0.1062 5 595 180 763
ship 0.0767 1 537 121 746
ship 0.0465 1711 142 1908 395
ship 0.0244 1672 33 1943 425
ship 0.0156 -9 682 164 739
ship 0.0109 5 602 88 706
ship 0.0089 1784 299 1924 392
ship 0.0084 -2 588 55 718
ship 0.0047 1676 172 1822 267
ship 0.0033 159 343 1682 585
ship 0.0027 1723 10 1903 281
ship 0.0025 0 653 64 699
ship 0.0024 1 636 58 683
ship 0.0022 1664 62 1844 309
ship 0.0022 12 483 186 723
ship 0.0021 1799 151 1928 385
ship 0.0020 1678 226 1776 261
ship 0.0018 -2 616 330 745
ship 0.0016 42 253 1836 519
ship 0.0014 -2 662 63 764
ship 0.0013 1818 70 1906 201
ship 0.0011 -3 696 70 745
ship 0.0010 95 414 1411 635
ship 0.0010 15 163 1904 898
ship 0.0010 1673 192 1768 280
