ship 0.2429 1710 153 1907 380
ship 0.1467 8 136 1138 627
ship 0.1023 58 422 1167 618
ship 0.0352 1788 299 1924 388
ship 0.0286 1511 682 1567 721
ship 0.0212 1516 696 1561 728
ship 0.0150 1506 643 1567 745
ship 0.0146 1693 -8 1923 383
ship 0.0110 1790 162 1932 372
ship 0.0055 1749 30 2010 428
ship 0.0045 238 353 1578 581
ship 0.0035 1801 15 1929 275
ship 0.0034 1669 64 1846 307
ship 0.0031 1818 72 1909 200
ship 0.0030 9 826 395 965
ship 0.0025 6 680 372 1021
ship 0.0021 1524 695 1587 729
ship 0.0015 1716 485 1932 532
ship 0.0014 1701 191 1796 284
ship 0.0013 181 747 338 954
ship 0.0010 1684 172 1827 269
