ship 0.4518 14 336 1224 615
ship 0.1264 1698 83 1919 282
ship 0.0972 1743 494 1902 534
ship 0.0633 1715 152 1923 379
ship 0.0418 1796 297 1923 390
ship 0.0129 1763 510 1899 531
ship 0.0129 1798 340 1919 378
ship 0.0110 1720 -25 1919 234
ship 0.0096 1787 31 1924 251
ship 0.0087 1789 206 1930 403
ship 0.0069 1506 698 1569 726
ship 0.0063 1497 681 1574 720
ship 0.0049 1809 102 1916 209
ship 0.0046 1491 650 1578 738
ship 0.0035 1779 120 1934 323
ship 0.0032 1730 280 1935 368
ship 0.0025 1701 221 1798 259
ship 0.0023 1699 189 1807 287
ship 0.0023 1861 75 1926 195
ship 0.0020 1401 31 1939 383
ship 0.0019 348 496 1172 612
ship 0.0017 1131 542 1348 604
ship 0.0013 1849 321 1923 369
ship 0.0013 9 179 1544 609
ship 0.0012 1806 -63 1924 185
ship 0.0012 1743 504 1858 527
ship 0.0010 666 759 782 881
ship 0.0010 1669 -121 1950 251
ship 0.0010 1683 181 1841 260
