ship 0.1973 1701 150 1910 384
ship 0.0489 1680 2 1937 373
ship 0.0368 -5 207 1897 851
ship 0.0264 1424 698 1496 725
ship 0.0157 1786 297 1923 393
ship 0.0155 -5 141 1421 625
ship 0.0076 1653 102 1856 350
ship 0.0058 1736 29 2022 429
ship 0.0053 1790 162 1931 373
ship 0.0040 1754 583 1814 610
ship 0.0036 1103 533 1644 669
ship 0.0032 1422 685 1505 720
ship 0.0030 219 421 1955 669
ship 0.0021 348 518 1821 705
ship 0.0019 1422 649 1501 740
ship 0.0018 1126 637 1272 710
ship 0.0016 1455 681 1512 717
ship 0.0016 1657 200 1791 273
ship 0.0012 1799 14 1929 277
ship 0.0011 145 872 318 973
ship 0.0011 1154 677 1251 711
ship 0.0011 1455 697 1511 728
ship 0.0010 1722 585 1800 609
