ship 0.3145 28 233 1259 671
ship 0.1137 1722 158 1919 374
ship 0.0588 1779 304 1933 383
ship 0.0191 1801 340 1914 376
ship 0.0187 45 673 285 762
ship 0.0159 1412 698 1497 726
ship 0.0142 22 495 345 791
ship 0.0136 1704 74 1912 290
ship 0.0105 1737 278 1928 370
ship 0.0098 1788 210 1929 398
ship 0.0078 1570 602 1656 628
ship 0.0073 120 412 1379 628
ship 0.0066 37 643 355 802
ship 0.0050 0 604 275 775
ship 0.0041 1415 646 1504 745
ship 0.0036 -193 69 1551 827
ship 0.0031 1600 24 1883 352
ship 0.0028 1786 115 1932 329
ship 0.0026 1391 703 1471 727
ship 0.0024 1663 119 1849 330
ship 0.0023 1799 -19 1923 219
ship 0.0022 1389 28 1927 391
ship 0.0021 1682 -69 1930 281
ship 0.0017 1852 299 1929 387
ship 0.0014 1848 321 1923 369
ship 0.0013 1850 341 1919 377
ship 0.0012 1759 324 1904 366
ship 0.0011 15 651 256 738
ship 0.0011 1597 541 1688 643
ship 0.0011 1872 515 1921 667
