ship 0.2044 1702 151 1909 383
ship 0.0873 38 612 704 774
ship 0.0516 1680 2 1936 373
ship 0.0155 14 151 1389 612
ship 0.0152 1632 591 1715 623
ship 0.0137 1785 296 1922 393
ship 0.0121 1654 103 1854 348
ship 0.0074 1424 699 1498 728
ship 0.0053 5 132 1908 938
ship 0.0051 1736 29 2021 429
ship 0.0045 1639 548 1713 635
ship 0.0045 1791 162 1930 373
ship 0.0028 485 661 660 737
ship 0.0023 1655 201 1791 272
ship 0.0014 1570 582 1711 632
ship 0.0013 255 628 690 747
ship 0.0013 1663 21 1847 271
ship 0.0012 1799 13 1928 277
ship 0.0012 144 871 318 973
ship 0.0011 1426 665 1495 763
ship 0.0011 1670 223 1778 261
