ship 0.3003 862 661 1008 732
ship 0.1881 28 236 1264 663
ship 0.1301 1720 160 1918 372
ship 0.1082 882 678 996 721
ship 0.0509 1779 303 1933 382
ship 0.0145 1705 70 1911 293
ship 0.0130 1800 340 1914 375
ship 0.0127 1738 278 1927 368
ship 0.0112 872 693 1006 728
ship 0.0089 1788 210 1929 397
ship 0.0080 1599 545 1765 631
ship 0.0058 1421 699 1497 725
ship 0.0053 -24 190 1907 580
ship 0.0046 1634 554 1735 588
ship 0.0044 886 629 998 723
ship 0.0041 151 403 1352 632
ship 0.0037 1567 499 1895 616
ship 0.0037 803 647 1004 713
ship 0.0036 888 663 988 703
ship 0.0029 1785 115 1934 330
ship 0.0028 1638 534 1785 608
ship 0.0022 1599 23 1886 354
ship 0.0021 1666 114 1849 336
ship 0.0016 1184 542 1345 599
ship 0.0015 4 473 372 815
ship 0.0015 1852 298 1929 387
ship 0.0015 1416 643 1505 747
ship 0.0015 1798 31 1925 248
ship 0.0015 -118 29 1518 723
ship 0.0014 1383 29 1931 390
ship 0.0013 1418 683 1500 720
ship 0.0013 1848 321 1923 368
ship 0.0012 1679 -71 1933 284
ship 0.0011 1851 341 1919 377
ship 0.0011 727 665 1017 724
ship 0.0010 1759 324 1904 365
