ship 0.1947 1702 150 1909 384
ship 0.0834 48 202 1319 679
ship 0.0426 1681 0 1935 374
ship 0.0262 1013 634 1091 660
ship 0.0115 1785 296 1923 393
ship 0.0111 1421 650 1498 740
ship 0.0083 1655 102 1855 350
ship 0.0080 1418 682 1502 723
ship 0.0058 4 202 1894 862
ship 0.0056 838 522 1660 728
ship 0.0052 1737 29 2022 429
ship 0.0048 1563 556 1800 621
ship 0.0046 1791 162 1930 373
ship 0.0032 791 658 856 683
ship 0.0024 1045 564 1129 658
ship 0.0017 1008 621 1107 659
ship 0.0016 982 567 1122 652
ship 0.0015 1014 591 1098 671
ship 0.0015 1379 629 1526 724
ship 0.0014 1799 15 1929 276
ship 0.0014 1659 201 1790 272
ship 0.0013 1674 172 1823 268
ship 0.0013 1054 632 1520 729
ship 0.0011 1390 667 1518 729
ship 0.0011 147 871 320 974
ship 0.0011 64 420 1801 648
ship 0.0010 15 -23 1902 637
ship 0.0010 1665 22 1846 270
