ship 0.2980 783 638 852 660
ship 0.1265 71 230 1280 644
ship 0.0647 1537 593 1603 619
ship 0.0420 1738 161 1895 372
ship 0.0408 406 725 563 782
ship 0.0312 -1 196 1903 868
ship 0.0216 19 340 1833 589
ship 0.0206 787 627 862 655
ship 0.0190 1535 550 1605 631
ship 0.0158 82 414 1207 624
ship 0.0136 1791 302 1916 385
ship 0.0097 1720 55 1903 315
ship 0.0084 1685 35 1932 421
ship 0.0074 1730 485 1927 532
ship 0.0055 1806 161 1927 374
ship 0.0042 824 848 1927 1070
ship 0.0018 -98 257 1970 523
ship 0.0018 1793 342 1920 380
ship 0.0016 1562 593 1622 620
ship 0.0014 1452 561 1611 624
ship 0.0014 1807 14 1926 274
ship 0.0014 782 619 860 681
ship 0.0013 1557 579 1626 616
ship 0.0012 766 612 834 687
ship 0.0010 1465 372 1857 834
