ship 0.1436 1798 578 1848 606
ship 0.0868 846 699 952 772
ship 0.0486 7 191 1910 871
ship 0.0470 1737 162 1894 371
ship 0.0398 63 231 1294 638
ship 0.0305 1547 248 1603 279
ship 0.0212 1791 301 1917 385
ship 0.0108 1683 37 1932 418
ship 0.0097 76 422 1212 620
ship 0.0073 -63 342 1927 585
ship 0.0056 1499 697 1559 724
ship 0.0053 1800 545 1850 633
ship 0.0051 1806 161 1925 373
ship 0.0040 1723 5 1910 285
ship 0.0038 1506 681 1562 719
ship 0.0035 1060 847 1977 1067
ship 0.0033 1501 634 1558 756
ship 0.0032 1540 207 1600 309
ship 0.0026 1792 343 1920 380
ship 0.0025 844 736 947 764
ship 0.0017 1506 659 1569 701
ship 0.0016 1582 -12 1889 386
ship 0.0015 846 676 1005 760
ship 0.0012 1662 59 1847 313
ship 0.0012 1807 13 1926 275
ship 0.0012 1449 449 1874 841
ship 0.0011 831 718 935 754
ship 0.0011 1545 261 1602 293
ship 0.0010 1668 -103 1944 314
ship 0.0010 1793 561 1856 598
