ship 0.8192 644 646 708 669
ship 0.3023 525 711 674 774
ship 0.0523 66 230 1279 638
ship 0.0437 1738 162 1895 371
ship 0.0356 1599 580 1673 615
ship 0.0337 537 736 662 773
ship 0.0317 647 654 707 677
ship 0.0182 83 421 1206 622
ship 0.0158 641 622 712 680
ship 0.0155 1 183 1905 883
ship 0.0133 1526 566 1681 620
ship 0.0133 1790 301 1917 385
ship 0.0091 1720 54 1904 316
ship 0.0085 15 340 1839 583
ship 0.0058 1087 831 1952 1074
ship 0.0057 1681 -19 1934 393
ship 0.0054 1805 161 1927 373
ship 0.0051 623 656 692 676
ship 0.0042 1601 555 1673 625
ship 0.0031 1720 483 1931 533
ship 0.0025 591 635 722 673
ship 0.0016 1792 343 1920 381
ship 0.0015 1807 15 1926 273
ship 0.0013 50 854 1850 1069
ship 0.0012 547 591 696 777
ship 0.0010 1872 847 1925 885
ship 0.0010 314 619 1871 802
