ship 0.5289 615 709 769 770
ship 0.5182 496 658 558 679
ship 0.1127 60 230 1267 642
ship 0.0444 74 415 1202 628
ship 0.0307 1739 163 1894 371
ship 0.0170 1792 302 1916 384
ship 0.0144 11 194 1910 868
ship 0.0096 1623 583 1739 612
ship 0.0095 28 341 1821 584
ship 0.0073 1721 55 1904 315
ship 0.0070 1681 35 1934 421
ship 0.0048 1807 161 1927 373
ship 0.0040 1733 487 1923 532
ship 0.0035 1090 835 1956 1071
ship 0.0027 651 734 761 768
ship 0.0022 1793 342 1919 380
ship 0.0021 496 637 563 705
ship 0.0018 1540 252 1604 280
ship 0.0015 1549 567 1750 618
ship 0.0013 1808 14 1926 274
ship 0.0010 -87 257 1961 520
