ship 0.4977 712 705 853 770
ship 0.0687 9 213 1903 842
ship 0.0357 1755 580 1814 605
ship 0.0317 1739 163 1894 370
ship 0.0176 1790 301 1917 385
ship 0.0116 60 226 1348 642
ship 0.0109 1738 486 1923 533
ship 0.0096 1543 251 1605 279
ship 0.0076 1721 55 1904 315
ship 0.0074 1682 36 1933 420
ship 0.0071 -100 335 1973 597
ship 0.0064 726 734 838 768
ship 0.0048 1807 162 1927 372
ship 0.0036 1727 582 1800 606
ship 0.0028 1054 845 1987 1069
ship 0.0024 696 664 877 741
ship 0.0024 1793 342 1918 380
ship 0.0019 310 660 379 686
ship 0.0012 1808 15 1925 273
ship 0.0010 706 702 824 745
