ship 0.1823 1697 146 1911 390
ship 0.1077 48 222 1269 650
ship 0.0327 1677 0 1936 375
ship 0.0143 1640 100 1858 353
ship 0.0115 1643 206 1788 271
ship 0.0094 1784 299 1924 393
ship 0.0086 24 833 1022 1074
ship 0.0045 46 419 1215 630
ship 0.0042 1664 224 1779 263
ship 0.0042 83 345 1769 582
ship 0.0041 1791 157 1930 379
ship 0.0041 108 863 441 1018
ship 0.0040 1739 23 2019 436
ship 0.0021 5 170 1895 895
ship 0.0019 1220 560 1331 583
ship 0.0018 1664 175 1827 264
ship 0.0018 20 846 1881 1086
ship 0.0018 -39 255 1919 516
ship 0.0017 1477 624 1522 763
ship 0.0017 1819 73 1910 198
ship 0.0016 1872 845 1923 883
ship 0.0016 1869 792 1919 934
ship 0.0013 1478 679 1522 716
ship 0.0013 1475 697 1518 733
ship 0.0013 1655 15 1854 280
ship 0.0013 1800 10 1929 280
