ship 0.1098 1698 143 1909 393
ship 0.0820 26 214 1278 660
ship 0.0296 1673 0 1939 376
ship 0.0168 1639 99 1857 354
ship 0.0084 1645 206 1788 271
ship 0.0069 1045 661 1116 696
ship 0.0058 1472 627 1524 763
ship 0.0043 1785 299 1924 393
ship 0.0035 1664 224 1780 263
ship 0.0034 1214 560 1328 585
ship 0.0030 1662 174 1829 264
ship 0.0028 1049 674 1111 708
ship 0.0027 1737 20 2021 439
ship 0.0026 1476 698 1520 733
ship 0.0025 4 181 1900 884
ship 0.0025 1793 154 1929 382
ship 0.0025 103 863 432 1016
ship 0.0022 15 415 1232 646
ship 0.0018 1476 678 1525 722
ship 0.0015 1653 16 1854 278
ship 0.0012 1818 73 1910 198
ship 0.0012 1049 632 1118 715
ship 0.0011 -60 253 1940 514
ship 0.0011 982 648 1117 706
ship 0.0010 61 348 1795 571
ship 0.0010 1802 9 1929 282
