ship 0.1418 1695 143 1908 393
ship 0.1210 36 219 1271 654
ship 0.0282 1680 0 1934 375
ship 0.0232 1642 98 1855 355
ship 0.0123 1645 208 1787 270
ship 0.0064 25 421 1231 636
ship 0.0063 1784 299 1924 393
ship 0.0050 1663 225 1780 263
ship 0.0046 1217 561 1328 584
ship 0.0041 1736 21 2024 438
ship 0.0035 118 348 1732 579
ship 0.0029 1791 155 1930 381
ship 0.0025 1665 174 1826 264
ship 0.0024 113 863 423 1015
ship 0.0023 1581 -26 1890 320
ship 0.0021 1474 620 1522 770
ship 0.0017 1819 73 1910 198
ship 0.0015 1721 234 1788 366
ship 0.0015 170 888 377 961
ship 0.0014 3 177 1902 889
ship 0.0013 -44 253 1925 515
ship 0.0013 1800 10 1929 281
ship 0.0011 1732 236 1910 460
ship 0.0010 1708 208 1790 308
ship 0.0010 1733 -31 1905 242
