ship 0.1754 1698 147 1909 389
ship 0.0834 53 223 1276 645
ship 0.0309 1674 0 1939 376
ship 0.0169 1641 101 1856 352
ship 0.0103 1647 204 1787 271
ship 0.0102 1785 298 1923 394
ship 0.0064 17 623 383 758
ship 0.0063 1525 612 1607 647
ship 0.0042 1792 157 1930 379
ship 0.0036 1478 598 1635 658
ship 0.0036 1738 23 2020 436
ship 0.0036 1665 223 1780 263
ship 0.0032 1662 175 1827 263
ship 0.0031 66 343 1789 582
ship 0.0031 1527 598 1612 638
ship 0.0029 12 162 1891 903
ship 0.0027 5 478 376 808
ship 0.0025 37 422 1243 617
ship 0.0025 1530 566 1607 658
ship 0.0024 1472 632 1519 757
ship 0.0022 1472 680 1520 718
ship 0.0020 1474 697 1517 731
ship 0.0017 -30 255 1910 517
ship 0.0015 1655 17 1852 277
ship 0.0013 1819 73 1910 198
ship 0.0012 1722 235 1791 365
ship 0.0012 1450 533 1613 747
ship 0.0012 160 890 386 961
ship 0.0012 1217 560 1330 583
ship 0.0011 1735 242 1908 453
ship 0.0011 1801 10 1929 280
ship 0.0011 -3 864 410 1022
ship 0.0010 1504 525 1661 757
