ship 0.1633 1699 146 1909 390
ship 0.0360 -12 141 1160 609
ship 0.0264 1677 -1 1936 378
ship 0.0147 3 218 1900 1005
ship 0.0107 1645 98 1857 355
ship 0.0074 1785 298 1923 393
ship 0.0073 1649 207 1788 271
ship 0.0071 98 858 426 1018
ship 0.0048 1669 225 1779 263
ship 0.0038 83 718 433 1069
ship 0.0036 1737 22 2021 437
ship 0.0035 1792 157 1930 379
ship 0.0025 19 77 1899 676
ship 0.0023 40 418 1224 624
ship 0.0022 1667 175 1825 264
ship 0.0016 1818 73 1909 198
ship 0.0016 27 346 1834 575
ship 0.0015 10 817 388 985
ship 0.0013 -50 256 1931 516
ship 0.0013 151 774 369 1015
ship 0.0013 1468 622 1517 768
ship 0.0013 1801 10 1929 280
ship 0.0012 1657 17 1852 277
ship 0.0010 1681 637 1770 666
ship 0.0010 497 643 642 717
ship 0.0010 1707 641 1788 672
