ship 0.3167 46 240 1269 659
ship 0.0827 1720 158 1924 374
ship 0.0548 1777 304 1934 382
ship 0.0406 730 635 868 710
ship 0.0279 747 656 856 696
ship 0.0203 742 644 852 676
ship 0.0142 1799 340 1914 375
ship 0.0130 1678 18 1928 358
ship 0.0126 1643 600 1719 626
ship 0.0115 76 410 1427 623
ship 0.0114 1788 209 1929 399
ship 0.0051 754 674 854 706
ship 0.0049 -30 187 1908 584
ship 0.0032 1396 20 1916 398
ship 0.0027 1787 116 1931 328
ship 0.0017 5 514 1915 1220
ship 0.0017 200 88 1969 985
ship 0.0015 1800 29 1924 250
ship 0.0014 1610 141 1906 318
ship 0.0014 1851 299 1929 386
ship 0.0014 -81 793 570 1111
ship 0.0012 1660 65 1852 305
ship 0.0011 1848 321 1924 368
ship 0.0011 1759 324 1905 366
ship 0.0011 18 693 359 1097
