ship 0.1862 896 708 976 734
ship 0.1026 1719 156 1901 379
ship 0.0399 1788 301 1920 385
ship 0.0277 1672 42 1944 415
ship 0.0225 1749 487 1916 533
ship 0.0065 1122 546 1335 591
ship 0.0053 2 521 102 619
ship 0.0047 1771 495 1894 526
ship 0.0045 1800 161 1930 374
ship 0.0038 893 681 974 749
ship 0.0030 920 565 1167 616
ship 0.0019 869 701 1006 740
ship 0.0017 2 498 52 639
ship 0.0017 1867 574 1924 612
ship 0.0017 1661 101 1847 352
ship 0.0016 1588 -11 1884 386
ship 0.0016 10 567 106 614
ship 0.0014 1720 1 1909 290
ship 0.0013 1771 458 1937 532
ship 0.0013 1866 530 1922 654
ship 0.0011 13 556 154 621
