ship 0.1899 1777 500 1880 528
ship 0.1663 1718 161 1916 372
ship 0.0520 39 441 1286 643
ship 0.0285 1705 72 1916 292
ship 0.0230 1758 492 1899 533
ship 0.0224 1786 209 1930 401
ship 0.0169 1127 549 1333 592
ship 0.0131 1781 300 1930 382
ship 0.0081 1414 21 1917 380
ship 0.0047 1783 115 1934 330
ship 0.0044 904 564 1176 620
ship 0.0041 1811 100 1917 211
ship 0.0035 1796 32 1922 247
ship 0.0026 27 244 1348 661
ship 0.0025 1862 73 1926 197
ship 0.0023 1745 244 1907 449
ship 0.0022 1207 562 1324 588
ship 0.0021 3 71 1905 684
ship 0.0021 1756 503 1847 524
ship 0.0020 1795 339 1924 376
ship 0.0020 1603 64 1892 396
ship 0.0016 1807 508 1901 534
ship 0.0015 203 554 1192 638
ship 0.0013 1667 109 1852 343
ship 0.0011 1712 265 1944 345
ship 0.0011 1753 118 1977 420
ship 0.0010 1855 296 1926 389
