ship 0.1023 1718 156 1903 379
ship 0.0400 1776 483 1931 537
ship 0.0354 1788 300 1920 387
ship 0.0326 1671 44 1945 413
ship 0.0179 1097 549 1322 594
ship 0.0071 1801 494 1914 529
ship 0.0048 1799 162 1930 373
ship 0.0037 921 564 1164 615
ship 0.0036 1169 562 1294 588
ship 0.0034 1184 573 1282 595
ship 0.0026 21 452 1258 631
ship 0.0025 1868 825 1918 985
ship 0.0022 1448 63 1903 350
ship 0.0019 761 847 2004 1075
ship 0.0017 1133 563 1323 604
ship 0.0015 4 520 99 619
ship 0.0015 1718 0 1912 292
ship 0.0014 1658 100 1849 353
ship 0.0013 1 471 49 626
ship 0.0011 1337 -18 2022 286
