ship 0.2414 1773 500 1882 529
ship 0.1761 1718 160 1916 373
ship 0.0460 37 442 1285 643
ship 0.0390 1125 550 1336 592
ship 0.0280 1786 210 1930 400
ship 0.0235 1703 72 1915 291
ship 0.0225 1782 301 1930 383
ship 0.0130 910 566 1170 619
ship 0.0093 1773 477 1888 535
ship 0.0092 1734 281 1933 365
ship 0.0080 1414 22 1916 380
ship 0.0042 1783 115 1935 330
ship 0.0039 1173 561 1305 588
ship 0.0038 1810 100 1917 211
ship 0.0034 1754 503 1850 525
ship 0.0034 1795 339 1924 377
ship 0.0030 1464 458 1860 833
ship 0.0029 1444 698 1532 739
ship 0.0028 1796 33 1922 247
ship 0.0026 1745 247 1907 446
ship 0.0025 1808 509 1900 534
ship 0.0022 3 71 1904 683
ship 0.0021 1604 64 1890 397
ship 0.0019 1074 580 1152 612
ship 0.0019 1862 72 1925 197
ship 0.0018 26 244 1354 661
ship 0.0015 1458 554 1879 747
ship 0.0014 1666 109 1852 342
ship 0.0014 1442 678 1540 752
ship 0.0013 1101 519 1362 592
ship 0.0012 1853 298 1927 387
ship 0.0011 351 555 1179 639
ship 0.0011 1753 119 1976 419
ship 0.0010 782 541 1178 639
ship 0.0010 2 508 1102 677
