ship 0.1039 1717 156 1903 379
ship 0.0354 1788 301 1920 386
ship 0.0325 1671 44 1945 414
ship 0.0167 1739 487 1927 533
ship 0.0106 1113 552 1349 590
ship 0.0056 921 565 1164 615
ship 0.0048 1799 162 1930 373
ship 0.0028 1800 494 1916 528
ship 0.0023 18 449 1266 632
ship 0.0022 1186 705 1278 729
ship 0.0021 1447 62 1904 352
ship 0.0019 1868 822 1918 988
ship 0.0016 1184 573 1284 595
ship 0.0016 1131 562 1329 604
ship 0.0015 4 520 99 619
ship 0.0014 2 472 49 626
ship 0.0014 1169 562 1297 588
ship 0.0014 1658 99 1849 354
ship 0.0013 759 845 2015 1077
ship 0.0013 1718 0 1911 292
ship 0.0011 1332 -18 2027 287
