ship 0.1162 1716 155 1903 379
ship 0.0390 1788 301 1920 386
ship 0.0340 1672 43 1944 414
ship 0.0269 1776 483 1932 538
ship 0.0066 1111 550 1352 591
ship 0.0052 1801 494 1915 529
ship 0.0051 1798 161 1930 373
ship 0.0045 919 564 1167 616
ship 0.0027 1537 626 1608 653
ship 0.0024 1448 62 1901 351
ship 0.0024 889 730 985 751
ship 0.0021 773 849 2003 1076
ship 0.0019 6 452 1297 634
ship 0.0016 1717 0 1911 293
ship 0.0015 1659 99 1849 354
ship 0.0015 4 520 99 619
ship 0.0014 2 471 49 626
ship 0.0014 1869 820 1919 990
ship 0.0014 1125 562 1338 605
ship 0.0014 1334 -18 2024 287
ship 0.0010 722 521 1231 616
