ship 0.3865 1019 703 1094 735
ship 0.1732 1717 160 1916 373
ship 0.1217 1744 491 1907 536
ship 0.0474 1445 621 1876 755
ship 0.0443 1007 680 1103 747
ship 0.0338 1702 75 1915 289
ship 0.0303 43 444 1281 639
ship 0.0229 1018 717 1091 741
ship 0.0223 145 122 2066 953
ship 0.0206 1786 210 1930 400
ship 0.0158 1123 547 1339 595
ship 0.0139 1782 300 1929 382
ship 0.0138 910 566 1170 618
ship 0.0089 1417 22 1916 378
ship 0.0074 1734 280 1932 365
ship 0.0056 1016 688 1090 720
ship 0.0050 1453 481 1866 807
ship 0.0044 1394 660 1509 694
ship 0.0042 1782 115 1935 329
ship 0.0038 1765 510 1898 531
ship 0.0038 1810 101 1917 210
ship 0.0036 1390 649 1533 706
ship 0.0030 1795 33 1922 246
ship 0.0025 1797 339 1923 376
ship 0.0023 1606 65 1889 394
ship 0.0022 996 688 1167 742
ship 0.0020 1862 73 1925 196
ship 0.0019 1666 111 1852 340
ship 0.0019 1743 244 1907 449
ship 0.0018 1024 580 1148 614
ship 0.0018 339 555 1189 638
ship 0.0015 28 243 1357 657
ship 0.0014 1675 -68 1932 280
ship 0.0013 1742 503 1857 526
ship 0.0012 1404 626 1512 721
ship 0.0012 1854 297 1927 388
ship 0.0011 799 516 1471 602
ship 0.0011 1809 470 1911 546
ship 0.0011 1036 716 1112 745
ship 0.0010 1753 118 1977 420
