ship 0.4193 232 807 378 879
ship 0.0899 1337 621 1424 647
ship 0.0745 1724 157 1899 377
ship 0.0504 244 842 372 878
ship 0.0422 1789 304 1920 384
ship 0.0173 1675 37 1941 420
ship 0.0082 1775 485 1931 537
ship 0.0046 1801 161 1930 374
ship 0.0045 927 565 1161 616
ship 0.0034 1801 495 1915 528
ship 0.0026 1315 614 1449 653
ship 0.0026 1868 825 1918 984
ship 0.0022 1355 827 1981 1070
ship 0.0018 1336 596 1422 665
ship 0.0018 1723 2 1908 289
ship 0.0016 1119 549 1347 591
ship 0.0015 225 825 355 867
ship 0.0014 1794 343 1918 379
ship 0.0013 1440 64 1908 346
ship 0.0012 1 448 1305 635
ship 0.0011 3 494 50 643
ship 0.0011 1819 750 1930 1032
ship 0.0010 1340 -18 2017 285
ship 0.0010 4 518 100 621
ship 0.0010 33 155 1883 739
