ship 0.1488 1434 623 1497 645
ship 0.0879 1722 156 1900 378
ship 0.0412 1789 303 1919 384
ship 0.0220 1676 39 1940 418
ship 0.0107 1776 485 1929 537
ship 0.0045 1801 161 1929 374
ship 0.0038 1799 494 1916 528
ship 0.0033 200 716 294 756
ship 0.0032 929 566 1162 616
ship 0.0024 174 705 327 766
ship 0.0023 10 543 96 634
ship 0.0020 1794 343 1918 380
ship 0.0020 1722 2 1910 289
ship 0.0017 793 840 1984 1075
ship 0.0015 3 496 51 642
ship 0.0014 1443 65 1903 347
ship 0.0014 1868 823 1918 987
ship 0.0013 197 688 283 780
ship 0.0012 204 703 288 744
ship 0.0011 10 568 104 612
ship 0.0011 1428 589 1494 671
ship 0.0010 30 149 1880 744
ship 0.0010 1339 -18 2016 285
ship 0.0010 1663 101 1847 352
