ship 0.1525 1719 159 1917 374
ship 0.0882 82 504 1241 695
ship 0.0769 1776 500 1882 529
ship 0.0300 1706 72 1917 291
ship 0.0234 1787 209 1930 400
ship 0.0180 1753 491 1901 535
ship 0.0154 1781 300 1930 382
ship 0.0060 1810 101 1918 210
ship 0.0059 1409 23 1918 381
ship 0.0059 1795 33 1922 247
ship 0.0054 1783 115 1934 330
ship 0.0048 1121 547 1344 593
ship 0.0036 94 552 904 648
ship 0.0036 -13 198 1929 861
ship 0.0035 1862 73 1926 197
ship 0.0032 905 565 1175 619
ship 0.0024 1745 245 1907 448
ship 0.0023 1796 339 1924 376
ship 0.0021 69 437 1823 647
ship 0.0019 33 405 1308 812
ship 0.0017 1600 62 1894 399
ship 0.0015 485 552 1180 644
ship 0.0013 1677 -67 1933 280
ship 0.0012 1807 508 1902 535
ship 0.0011 1755 118 1976 420
ship 0.0011 1810 470 1908 546
ship 0.0011 1854 297 1927 388
ship 0.0010 1857 112 1922 162
ship 0.0010 -11 237 1156 682
