ship 0.1089 1030 663 1097 690
ship 0.0738 1722 156 1902 378
ship 0.0404 1788 301 1920 386
ship 0.0217 1670 41 1946 416
ship 0.0085 88 553 884 647
ship 0.0050 1799 162 1931 373
ship 0.0046 26 455 1282 643
ship 0.0045 2 521 102 619
ship 0.0036 1807 496 1914 527
ship 0.0033 673 761 768 879
ship 0.0027 1037 638 1122 708
ship 0.0026 1015 655 1146 697
ship 0.0023 1739 488 1925 531
ship 0.0016 3 497 52 641
ship 0.0014 2 491 536 626
ship 0.0012 28 150 1888 750
ship 0.0012 7 567 108 614
ship 0.0011 1434 62 1920 352
ship 0.0011 743 847 2024 1075
ship 0.0010 1723 2 1908 290
ship 0.0010 249 586 684 640
ship 0.0010 11 554 155 622
