ship 0.0801 1721 156 1902 378
ship 0.0358 1789 301 1920 385
ship 0.0246 1671 41 1945 415
ship 0.0131 915 667 983 697
ship 0.0109 1744 489 1922 532
ship 0.0065 11 553 801 647
ship 0.0060 1 522 104 618
ship 0.0058 928 676 1008 708
ship 0.0052 1800 162 1930 373
ship 0.0052 1803 495 1914 528
ship 0.0022 9 568 108 613
ship 0.0022 4 447 1332 643
ship 0.0016 2 500 53 638
ship 0.0016 24 148 1884 752
ship 0.0015 482 819 574 949
ship 0.0015 12 556 153 621
ship 0.0013 1438 63 1914 351
ship 0.0013 1721 1 1909 290
ship 0.0010 1772 458 1938 531
