ship 0.1020 1719 156 1902 378
ship 0.0574 1035 746 1141 781
ship 0.0337 1789 302 1920 385
ship 0.0296 1672 43 1944 414
ship 0.0124 1038 722 1133 791
ship 0.0082 1121 548 1337 591
ship 0.0052 1799 162 1930 373
ship 0.0049 26 450 1247 632
ship 0.0042 920 564 1166 617
ship 0.0033 1739 488 1924 532
ship 0.0027 3 520 102 619
ship 0.0018 1802 495 1915 528
ship 0.0016 3 498 51 640
ship 0.0014 1720 2 1909 290
ship 0.0013 1660 102 1848 351
ship 0.0013 49 236 1294 641
ship 0.0013 1440 64 1908 349
ship 0.0012 1174 559 1297 587
ship 0.0011 767 845 2012 1077
ship 0.0011 1024 731 1197 786
