ship 0.1738 1717 161 1917 372
ship 0.0877 1045 718 1141 746
ship 0.0448 45 445 1280 651
ship 0.0334 1704 72 1916 291
ship 0.0261 1786 209 1930 401
ship 0.0251 1779 501 1881 525
ship 0.0210 1782 300 1930 383
ship 0.0119 910 565 1181 619
ship 0.0092 1122 546 1338 594
ship 0.0082 235 554 1156 640
ship 0.0082 1028 709 1171 753
ship 0.0079 1734 281 1933 365
ship 0.0077 1416 23 1917 379
ship 0.0047 1782 115 1935 329
ship 0.0045 1811 101 1917 210
ship 0.0040 1746 492 1906 532
ship 0.0038 1796 339 1923 377
ship 0.0037 1796 32 1922 247
ship 0.0030 1066 705 1160 742
ship 0.0026 1746 246 1907 447
ship 0.0026 1861 74 1925 196
ship 0.0024 819 515 1447 605
ship 0.0020 1605 65 1891 395
ship 0.0019 6 66 1905 689
ship 0.0018 1026 579 1149 615
ship 0.0017 760 545 1209 633
ship 0.0015 1667 110 1852 341
ship 0.0013 1786 512 1881 529
ship 0.0013 1853 297 1927 387
ship 0.0013 68 515 1494 688
ship 0.0013 -38 539 709 644
ship 0.0011 1753 119 1976 419
ship 0.0010 1068 678 1173 755
