ship 0.4022 1152 720 1240 752
ship 0.1736 1718 160 1916 373
ship 0.0584 46 446 1276 647
ship 0.0339 1702 74 1914 289
ship 0.0280 1786 210 1930 401
ship 0.0277 1148 700 1250 767
ship 0.0249 1781 300 1931 383
ship 0.0246 1776 500 1883 526
ship 0.0139 1126 548 1337 594
ship 0.0116 913 566 1170 618
ship 0.0093 1138 724 1216 749
ship 0.0074 1416 23 1915 379
ship 0.0063 1810 102 1917 209
ship 0.0062 1749 491 1906 533
ship 0.0039 1795 339 1923 377
ship 0.0038 1782 116 1935 329
ship 0.0031 1861 74 1926 196
ship 0.0030 1795 33 1922 247
ship 0.0028 221 555 1171 639
ship 0.0027 1746 246 1907 447
ship 0.0022 1868 506 1922 635
ship 0.0021 1607 65 1887 395
ship 0.0020 1666 113 1852 338
ship 0.0019 1024 580 1149 615
ship 0.0017 1862 549 1917 596
ship 0.0014 -27 271 1904 633
ship 0.0013 1853 298 1927 387
ship 0.0012 1148 738 1242 758
ship 0.0012 777 543 1187 636
ship 0.0011 1783 511 1883 530
ship 0.0011 1753 119 1977 419
ship 0.0010 1172 560 1307 588
ship 0.0010 1713 264 1943 346
ship 0.0010 772 516 1318 612
