ship 0.1693 1718 161 1916 372
ship 0.0811 45 442 1274 650
ship 0.0505 1774 500 1882 527
ship 0.0287 1704 72 1915 292
ship 0.0265 1155 703 1249 736
ship 0.0244 1786 210 1930 400
ship 0.0182 1782 300 1930 382
ship 0.0115 1751 492 1905 533
ship 0.0101 1118 547 1343 595
ship 0.0080 1415 22 1916 379
ship 0.0075 1734 281 1933 365
ship 0.0048 1866 510 1924 631
ship 0.0047 1810 101 1917 210
ship 0.0047 904 564 1180 619
ship 0.0045 1783 115 1935 330
ship 0.0043 1153 673 1253 755
ship 0.0038 1783 512 1881 529
ship 0.0035 1861 550 1918 596
ship 0.0034 1796 32 1922 247
ship 0.0028 1795 339 1924 376
ship 0.0026 1746 245 1907 447
ship 0.0022 212 555 1183 640
ship 0.0020 26 248 1346 662
ship 0.0020 1862 73 1925 197
ship 0.0019 1605 65 1890 395
ship 0.0016 1822 515 1914 626
ship 0.0016 1667 109 1851 342
ship 0.0015 5 76 1905 679
ship 0.0014 1815 509 1903 534
ship 0.0013 1827 557 1908 595
ship 0.0012 807 513 1456 605
ship 0.0011 1854 297 1927 387
ship 0.0011 1753 118 1976 419
ship 0.0010 1154 716 1253 743
ship 0.0010 769 543 1195 636
ship 0.0010 1071 579 1157 614
