ship 0.0993 1717 155 1902 379
ship 0.0375 1788 301 1920 386
ship 0.0279 1671 42 1945 415
ship 0.0157 1121 549 1341 591
ship 0.0053 1774 485 1932 536
ship 0.0043 922 565 1163 616
ship 0.0043 1800 161 1930 374
ship 0.0034 1803 494 1915 528
ship 0.0025 3 520 102 619
ship 0.0023 12 453 1266 631
ship 0.0018 1172 560 1299 588
ship 0.0017 1660 100 1847 352
ship 0.0015 3 497 51 640
ship 0.0014 1719 1 1910 290
ship 0.0014 1132 562 1328 605
ship 0.0013 1561 -53 1909 345
ship 0.0011 1792 344 1920 381
ship 0.0011 757 848 2016 1077
ship 0.0011 1183 573 1286 595
