ship 0.0993 1719 156 1902 378
ship 0.0411 1788 301 1920 386
ship 0.0344 1747 487 1919 532
ship 0.0290 1672 43 1943 414
ship 0.0089 1122 550 1340 591
ship 0.0077 1772 494 1892 524
ship 0.0056 33 448 1243 630
ship 0.0048 1800 162 1930 373
ship 0.0033 3 520 101 619
ship 0.0030 1866 806 1920 962
ship 0.0028 924 564 1161 616
ship 0.0017 1660 102 1847 351
ship 0.0017 1720 1 1911 290
ship 0.0016 3 498 51 640
ship 0.0016 1771 459 1938 531
ship 0.0015 1588 -12 1885 387
ship 0.0015 1171 560 1299 588
ship 0.0012 52 241 1293 636
ship 0.0011 1793 343 1920 381
ship 0.0010 1182 573 1286 595
