ship 0.2686 1775 500 1880 528
ship 0.1817 1717 161 1917 372
ship 0.0642 30 442 1298 643
ship 0.0362 1702 73 1915 291
ship 0.0245 1786 210 1930 400
ship 0.0212 1782 301 1930 383
ship 0.0137 1125 548 1335 593
ship 0.0110 1774 477 1887 535
ship 0.0078 1417 24 1918 376
ship 0.0075 1734 281 1933 366
ship 0.0059 915 564 1169 619
ship 0.0054 1810 101 1917 210
ship 0.0045 1782 116 1935 329
ship 0.0040 1757 503 1847 525
ship 0.0037 1796 339 1923 377
ship 0.0033 1795 33 1922 247
ship 0.0028 1862 74 1925 196
ship 0.0024 1806 508 1901 534
ship 0.0022 3 69 1904 687
ship 0.0021 1607 67 1889 392
ship 0.0021 1667 111 1851 340
ship 0.0020 1745 246 1907 447
ship 0.0017 25 247 1357 658
ship 0.0014 1853 297 1927 387
ship 0.0012 -42 510 861 619
ship 0.0012 208 553 1188 638
ship 0.0011 778 542 1183 638
ship 0.0011 1767 513 1837 527
ship 0.0011 1752 119 1977 419
ship 0.0011 1172 561 1307 588
ship 0.0010 1810 472 1907 543
ship 0.0010 1023 579 1149 614
ship 0.0010 1674 -68 1933 281
