ship 0.1114 1718 156 1902 378
ship 0.0368 1788 301 1920 386
ship 0.0324 1674 43 1941 414
ship 0.0173 1776 484 1931 536
ship 0.0065 37 446 1231 629
ship 0.0051 1801 494 1916 528
ship 0.0048 1799 161 1929 373
ship 0.0025 3 520 101 620
ship 0.0024 1122 551 1342 592
ship 0.0022 1717 1 1911 291
ship 0.0022 782 850 1991 1078
ship 0.0021 1661 102 1847 350
ship 0.0021 923 564 1162 615
ship 0.0020 52 238 1273 638
ship 0.0017 1593 -10 1880 384
ship 0.0016 3 497 51 640
ship 0.0012 1341 -18 2014 287
ship 0.0010 1663 -108 1950 319
