ship 0.2094 1773 500 1884 529
ship 0.1833 1718 161 1916 372
ship 0.0537 34 441 1291 642
ship 0.0296 1705 73 1916 291
ship 0.0230 1786 210 1930 400
ship 0.0151 1781 300 1930 382
ship 0.0149 1128 548 1332 593
ship 0.0093 1772 477 1889 536
ship 0.0077 1415 22 1917 379
ship 0.0074 909 562 1172 619
ship 0.0049 1783 115 1934 330
ship 0.0049 1808 509 1901 535
ship 0.0041 1811 100 1917 211
ship 0.0039 1796 33 1922 247
ship 0.0033 1752 503 1850 525
ship 0.0024 1744 244 1907 448
ship 0.0024 1862 73 1925 197
ship 0.0022 1796 339 1924 376
ship 0.0022 24 245 1352 659
ship 0.0021 1604 66 1890 394
ship 0.0019 4 72 1904 683
ship 0.0016 1667 109 1851 342
ship 0.0016 1172 560 1307 587
ship 0.0013 1714 264 1943 346
ship 0.0013 1707 492 1895 530
ship 0.0011 1753 118 1977 420
ship 0.0011 851 537 1253 640
ship 0.0010 1491 703 1563 732
ship 0.0010 1854 297 1926 388
ship 0.0010 789 512 1302 613
