ship 0.2195 1695 148 1911 387
ship 0.1095 37 223 1257 648
ship 0.0523 1679 4 1936 371
ship 0.0392 1769 614 1827 641
ship 0.0261 151 868 494 1019
ship 0.0236 1655 204 1789 270
ship 0.0191 1647 101 1856 352
ship 0.0117 1666 175 1826 265
ship 0.0109 1785 296 1924 395
ship 0.0057 1736 27 2022 432
ship 0.0049 1790 160 1931 375
ship 0.0047 60 416 1200 629
ship 0.0029 1659 20 1849 272
ship 0.0029 67 625 427 761
ship 0.0026 144 779 508 1168
ship 0.0024 -28 901 436 1043
ship 0.0022 1474 625 1522 765
ship 0.0019 173 350 1676 570
ship 0.0017 12 473 369 812
ship 0.0017 1736 248 1907 446
ship 0.0014 1729 -31 1906 242
ship 0.0013 1591 -26 1885 318
ship 0.0013 1799 14 1929 276
ship 0.0013 -31 259 1907 511
ship 0.0013 1477 679 1524 719
ship 0.0011 1690 220 1793 262
ship 0.0011 1724 234 1790 366
ship 0.0010 1477 697 1519 732
ship 0.0010 1765 580 1825 679
ship 0.0010 1819 72 1909 199
