ship 0.2363 1695 148 1910 387
ship 0.0731 -10 144 1155 608
ship 0.0665 478 661 582 699
ship 0.0632 1768 614 1823 642
ship 0.0494 1680 4 1936 371
ship 0.0189 1656 205 1789 271
ship 0.0186 1651 100 1854 352
ship 0.0128 1784 295 1926 396
ship 0.0126 1670 223 1778 262
ship 0.0089 1669 174 1824 266
ship 0.0063 1733 28 2026 430
ship 0.0054 434 648 585 706
ship 0.0047 1789 160 1931 375
ship 0.0039 50 412 1213 627
ship 0.0033 484 656 577 729
ship 0.0030 70 867 475 1023
ship 0.0025 38 325 1483 589
ship 0.0025 1661 21 1848 272
ship 0.0024 1765 580 1822 680
ship 0.0020 149 770 506 1180
ship 0.0019 -2 618 752 783
ship 0.0019 1473 625 1522 765
ship 0.0018 1735 249 1908 445
ship 0.0015 -40 258 1917 513
ship 0.0013 1799 14 1929 276
ship 0.0012 1730 -32 1905 243
ship 0.0012 1476 680 1524 719
ship 0.0011 1818 72 1908 198
ship 0.0011 -95 835 553 1071
ship 0.0011 3 147 1912 921
ship 0.0010 1592 -28 1885 321
