ship 0.4566 701 659 794 693
ship 0.4001 31 317 1245 614
ship 0.0877 1720 158 1921 373
ship 0.0741 680 648 813 699
ship 0.0701 708 645 793 679
ship 0.0526 1676 62 1934 395
ship 0.0408 1781 303 1932 384
ship 0.0238 701 619 809 689
ship 0.0175 1761 618 1819 635
ship 0.0161 1802 340 1916 376
ship 0.0118 1708 22 1915 261
ship 0.0081 1788 209 1929 398
ship 0.0074 0 166 1601 611
ship 0.0055 1735 278 1931 369
ship 0.0048 683 674 780 700
ship 0.0040 1400 25 1923 389
ship 0.0032 1754 608 1828 631
ship 0.0026 1785 116 1932 328
ship 0.0026 1624 536 1721 569
ship 0.0025 1052 596 1132 618
ship 0.0024 1853 297 1929 388
ship 0.0024 -104 797 576 1111
ship 0.0018 1799 -21 1923 221
ship 0.0015 1586 -22 1898 319
ship 0.0014 1850 321 1922 369
ship 0.0014 1663 65 1851 304
ship 0.0014 1806 455 1925 655
ship 0.0013 1621 139 1902 319
ship 0.0012 1736 619 1793 636
ship 0.0011 1730 464 1902 647
