ship 0.0965 1718 155 1903 379
ship 0.0351 748 705 825 811
ship 0.0324 1788 300 1921 386
ship 0.0298 1670 44 1946 414
ship 0.0202 1132 695 1217 736
ship 0.0170 1125 683 1255 748
ship 0.0088 1097 546 1321 593
ship 0.0075 748 737 829 786
ship 0.0067 1733 484 1929 534
ship 0.0059 918 565 1168 615
ship 0.0049 10 445 1257 635
ship 0.0048 1799 161 1930 374
ship 0.0034 1470 700 1540 737
ship 0.0025 1123 643 1209 748
ship 0.0021 38 238 1304 638
ship 0.0018 1183 573 1279 595
ship 0.0017 1443 61 1907 354
ship 0.0016 1170 560 1293 588
ship 0.0015 1463 632 1537 759
ship 0.0013 953 541 1208 608
ship 0.0013 1658 99 1848 354
ship 0.0012 1 471 49 626
ship 0.0012 742 587 1141 626
ship 0.0012 1719 0 1911 292
ship 0.0010 1126 562 1331 605
ship 0.0010 5 520 99 618
