ship 0.0873 1718 155 1902 379
ship 0.0316 1788 301 1920 386
ship 0.0271 1670 43 1946 414
ship 0.0228 999 720 1086 763
ship 0.0227 996 693 1088 782
ship 0.0113 1740 484 1926 534
ship 0.0081 606 722 689 835
ship 0.0060 616 764 691 802
ship 0.0056 920 565 1167 615
ship 0.0043 1114 549 1350 591
ship 0.0041 1799 161 1930 373
ship 0.0021 3 448 1287 630
ship 0.0017 4 521 100 618
ship 0.0013 1441 61 1909 352
ship 0.0013 1660 100 1847 353
ship 0.0013 1718 0 1911 292
ship 0.0012 1 471 49 626
ship 0.0012 610 778 692 821
ship 0.0011 1425 666 1770 773
ship 0.0010 731 518 1222 616
