ship 0.8732 523 699 625 742
ship 0.5692 1004 705 1077 730
ship 0.3904 1467 703 1528 738
ship 0.3642 771 646 835 669
ship 0.1333 1710 152 1907 382
ship 0.0794 1748 484 1921 534
ship 0.0686 1462 642 1536 749
ship 0.0510 1673 47 1944 410
ship 0.0365 1788 296 1921 392
ship 0.0364 1462 715 1521 743
ship 0.0137 34 222 1316 650
ship 0.0104 1467 673 1535 730
ship 0.0073 1793 161 1932 375
ship 0.0069 1770 492 1895 525
ship 0.0068 505 705 679 750
ship 0.0068 516 670 638 735
ship 0.0054 1001 684 1085 743
ship 0.0046 7 204 1908 850
ship 0.0043 1450 686 1589 748
ship 0.0038 976 699 1112 735
ship 0.0027 1713 2 1911 290
ship 0.0026 766 615 833 685
ship 0.0023 1658 100 1851 352
ship 0.0021 78 415 1791 645
ship 0.0017 1464 685 1523 781
ship 0.0015 1600 -11 1877 385
ship 0.0014 381 592 1001 693
ship 0.0013 1867 809 1920 959
ship 0.0013 509 715 595 747
ship 0.0012 1674 168 1824 272
ship 0.0011 1803 10 1928 280
ship 0.0010 1425 62 1922 357
ship 0.0010 1480 636 1563 758
