ship 0.1899 1718 162 1916 372
ship 0.0731 1740 493 1909 534
ship 0.0643 1129 548 1336 593
ship 0.0378 39 447 1281 636
ship 0.0294 1703 73 1915 291
ship 0.0281 815 760 904 802
ship 0.0256 1765 501 1890 528
ship 0.0248 1786 210 1930 400
ship 0.0247 811 735 917 820
ship 0.0188 1781 300 1930 383
ship 0.0167 913 565 1170 618
ship 0.0080 1735 280 1932 365
ship 0.0075 1455 615 1856 767
ship 0.0072 1415 24 1916 377
ship 0.0052 18 518 1285 681
ship 0.0051 818 747 903 783
ship 0.0044 1782 115 1935 330
ship 0.0039 211 555 1182 639
ship 0.0034 1810 101 1917 210
ship 0.0034 476 775 587 867
ship 0.0033 1795 339 1924 377
ship 0.0033 1796 33 1922 246
ship 0.0032 1202 561 1329 590
ship 0.0023 1022 580 1152 613
ship 0.0022 1744 246 1907 447
ship 0.0022 1606 67 1889 393
ship 0.0021 1810 509 1905 536
ship 0.0020 1667 110 1851 341
ship 0.0018 1045 519 1359 589
ship 0.0018 1862 73 1925 197
ship 0.0016 479 803 574 848
ship 0.0016 782 543 1180 638
ship 0.0015 1459 467 1854 824
ship 0.0013 29 248 1344 657
ship 0.0013 715 584 1075 633
ship 0.0013 1854 297 1927 387
ship 0.0012 7 79 1903 674
ship 0.0012 1675 -69 1932 281
ship 0.0011 810 777 904 812
ship 0.0011 1753 119 1977 419
ship 0.0010 1214 572 1332 593
ship 0.0010 -200 255 1555 985
ship 0.0010 797 514 1291 615
