ship 0.0995 1717 156 1902 379
ship 0.0584 632 766 732 874
ship 0.0342 1789 300 1920 387
ship 0.0314 1672 44 1944 413
ship 0.0130 1738 485 1927 533
ship 0.0046 1798 162 1930 373
ship 0.0046 1866 828 1919 982
ship 0.0041 1115 549 1350 592
ship 0.0029 920 565 1166 615
ship 0.0025 304 823 393 941
ship 0.0020 1660 102 1847 351
ship 0.0019 3 450 1285 630
ship 0.0019 3 521 101 618
ship 0.0017 1592 -11 1882 385
ship 0.0017 1718 1 1910 291
ship 0.0014 1 472 49 626
ship 0.0011 1795 493 1920 528
ship 0.0010 1873 863 1923 910
