ship 0.0999 1718 156 1903 379
ship 0.0525 1737 485 1926 532
ship 0.0340 1788 301 1920 386
ship 0.0307 1671 44 1945 414
ship 0.0117 1121 550 1347 590
ship 0.0102 419 811 560 915
ship 0.0052 923 564 1162 615
ship 0.0048 1798 162 1930 373
ship 0.0045 17 456 1260 633
ship 0.0033 1770 493 1893 523
ship 0.0017 3 521 100 619
ship 0.0015 1868 823 1918 987
ship 0.0014 3 498 50 640
ship 0.0013 1441 61 1909 352
ship 0.0013 735 519 1217 616
ship 0.0013 1719 0 1912 292
ship 0.0012 1659 100 1849 353
ship 0.0012 1169 561 1303 588
ship 0.0011 1134 563 1330 604
