ship 0.8247 8 722 221 786
ship 0.1736 2 656 189 790
ship 0.1184 23 420 1277 639
ship 0.0972 1718 158 1918 374
ship 0.0651 1699 32 1919 252
ship 0.0497 -20 700 212 814
ship 0.0480 1774 501 1885 527
ship 0.0193 1130 551 1333 595
ship 0.0185 -19 258 1606 645
ship 0.0180 1780 301 1932 383
ship 0.0110 1746 493 1903 533
ship 0.0101 1788 208 1930 401
ship 0.0075 1041 595 1149 618
ship 0.0070 -12 539 226 825
ship 0.0064 1423 29 1927 371
ship 0.0052 1795 -20 1924 220
ship 0.0050 1628 105 1899 278
ship 0.0045 1736 279 1929 366
ship 0.0039 1586 -3 1906 297
ship 0.0032 984 566 1167 619
ship 0.0031 1796 340 1921 377
ship 0.0030 1177 562 1302 590
ship 0.0027 1779 118 1936 326
ship 0.0025 1674 -114 1944 245
ship 0.0022 -2 498 121 786
ship 0.0022 1030 580 1146 616
ship 0.0020 3 695 110 783
ship 0.0018 1673 179 1841 260
ship 0.0017 1812 509 1903 535
ship 0.0015 930 583 1168 626
ship 0.0014 1809 102 1915 209
ship 0.0014 868 506 1397 608
ship 0.0014 149 82 2047 667
ship 0.0014 1731 -71 1912 195
ship 0.0014 1857 293 1926 392
ship 0.0013 1067 560 1343 607
ship 0.0011 104 338 2092 582
ship 0.0010 16 733 110 785
