ship 0.1700 1713 154 1903 381
ship 0.1268 20 688 181 753
ship 0.1029 1530 695 1594 726
ship 0.0377 1789 298 1923 391
ship 0.0376 1514 620 1567 650
ship 0.0275 1685 39 1932 418
ship 0.0215 69 432 1195 626
ship 0.0194 11 581 196 786
ship 0.0128 61 714 179 750
ship 0.0105 23 226 1130 642
ship 0.0091 1520 651 1604 739
ship 0.0090 1515 683 1572 719
ship 0.0088 1526 618 1591 648
ship 0.0079 -37 344 1915 598
ship 0.0076 1520 697 1570 728
ship 0.0069 1794 161 1931 374
ship 0.0059 1508 582 1652 779
ship 0.0056 1 654 262 804
ship 0.0048 1508 613 1570 734
ship 0.0046 1505 579 1567 683
ship 0.0039 14 506 354 864
ship 0.0026 1730 7 1906 283
ship 0.0025 1512 656 1567 701
ship 0.0022 36 705 162 740
ship 0.0021 -9 685 378 829
ship 0.0020 1666 102 1848 351
ship 0.0019 31 77 1900 673
ship 0.0017 1746 267 1833 374
ship 0.0013 1513 633 1562 672
ship 0.0013 1463 586 1604 772
ship 0.0012 1809 13 1926 277
ship 0.0011 1480 472 1833 897
ship 0.0011 1746 254 1903 439
