ship 0.4086 476 676 577 717
ship 0.1111 1717 154 1902 380
ship 0.0332 1532 695 1597 728
ship 0.0323 1790 299 1922 390
ship 0.0318 458 650 593 713
ship 0.0195 1682 37 1936 420
ship 0.0173 1460 625 1529 653
ship 0.0159 77 441 1182 619
ship 0.0150 477 693 573 723
ship 0.0066 1522 649 1602 742
ship 0.0063 1796 161 1932 374
ship 0.0036 448 684 597 731
ship 0.0028 3 228 1149 632
ship 0.0026 17 347 1854 590
ship 0.0017 1734 8 1903 283
ship 0.0016 1518 697 1571 728
ship 0.0014 1457 596 1528 709
ship 0.0011 1509 682 1578 720
ship 0.0011 1803 55 1927 317
ship 0.0011 1746 265 1832 376
ship 0.0010 1668 103 1846 350
ship 0.0010 1457 584 1605 776
