ship 0.4944 7 401 1125 642
ship 0.3328 1095 624 1377 678
ship 0.1264 1719 156 1919 377
ship 0.1246 1267 636 1346 668
ship 0.0895 1777 304 1937 383
ship 0.0768 1768 500 1890 529
ship 0.0605 1705 76 1918 288
ship 0.0497 1128 660 1189 680
ship 0.0474 1109 664 1162 682
ship 0.0267 1787 208 1930 402
ship 0.0202 -21 262 1547 653
ship 0.0199 1172 614 1368 664
ship 0.0171 1503 681 1578 719
ship 0.0153 1262 601 1357 665
ship 0.0145 1793 339 1918 375
ship 0.0111 1510 697 1575 727
ship 0.0109 1793 31 1922 250
ship 0.0094 1492 653 1583 735
ship 0.0081 1074 537 1383 683
ship 0.0053 1782 117 1934 327
ship 0.0042 1522 649 1604 740
ship 0.0035 1139 508 1310 695
ship 0.0031 1809 100 1916 211
ship 0.0029 1230 625 1367 671
ship 0.0026 1129 646 1201 677
ship 0.0025 1679 -65 1936 277
ship 0.0022 1387 22 1932 391
ship 0.0020 1771 478 1892 535
ship 0.0018 1067 645 1331 687
ship 0.0018 1695 493 1901 530
ship 0.0016 1593 25 1901 351
ship 0.0016 1699 222 1802 259
ship 0.0015 1759 324 1904 367
ship 0.0015 1120 586 1425 695
ship 0.0015 1862 73 1925 197
ship 0.0015 1142 646 1254 671
ship 0.0014 1741 243 1911 449
ship 0.0014 1755 118 1976 420
ship 0.0013 1700 189 1807 287
ship 0.0013 1744 503 1857 525
ship 0.0012 1494 663 1576 700
ship 0.0011 0 414 1917 1167
ship 0.0010 1102 648 1167 676
