ship 0.4994 -8 409 1239 639
ship 0.2230 1450 621 1526 649
ship 0.1413 1719 156 1920 377
ship 0.0886 1778 304 1936 383
ship 0.0871 1704 77 1919 287
ship 0.0449 1767 500 1891 528
ship 0.0327 1786 208 1930 403
ship 0.0276 957 667 1018 687
ship 0.0210 1795 339 1918 376
ship 0.0185 1506 682 1571 720
ship 0.0167 974 666 1045 690
ship 0.0157 1449 634 1530 661
ship 0.0154 1510 700 1573 727
ship 0.0139 1792 31 1922 250
ship 0.0123 -13 264 1529 650
ship 0.0112 1497 652 1576 737
ship 0.0080 1451 595 1536 665
ship 0.0063 1781 117 1934 327
ship 0.0042 1809 100 1917 211
ship 0.0041 1423 611 1554 654
ship 0.0031 1723 -27 1923 236
ship 0.0024 1392 20 1928 392
ship 0.0021 1700 222 1801 259
ship 0.0020 1861 74 1925 196
ship 0.0019 1768 487 1928 535
ship 0.0018 1593 28 1902 349
ship 0.0018 1742 245 1912 447
ship 0.0018 1526 649 1603 741
ship 0.0016 1700 191 1808 285
ship 0.0015 978 678 1041 696
ship 0.0014 1450 607 1527 635
ship 0.0014 1756 118 1974 419
ship 0.0012 1152 547 1381 593
ship 0.0012 1759 325 1906 367
ship 0.0012 1465 667 1597 729
ship 0.0010 1668 114 1853 337
ship 0.0010 1845 322 1926 368
ship 0.0010 962 680 1011 695
