ship 0.3226 938 689 1065 755
ship 0.3080 939 714 1044 754
ship 0.1463 1708 151 1906 384
ship 0.0540 29 227 1326 645
ship 0.0491 1675 47 1942 410
ship 0.0225 1787 295 1921 394
ship 0.0110 1740 487 1921 533
ship 0.0060 1793 160 1931 376
ship 0.0051 1661 103 1847 349
ship 0.0033 126 415 1736 642
ship 0.0030 1717 9 1906 282
ship 0.0028 1675 171 1820 270
ship 0.0022 -35 344 1903 587
ship 0.0019 15 76 1894 680
ship 0.0019 1670 193 1771 279
ship 0.0017 1676 223 1778 263
ship 0.0014 1767 495 1894 523
ship 0.0011 1610 -7 1867 381
ship 0.0011 940 734 1030 762
ship 0.0010 1754 81 2002 458
