ship 0.1862 1697 147 1911 388
ship 0.0769 1680 6 1936 368
ship 0.0716 11 787 697 1084
ship 0.0419 58 216 1314 655
ship 0.0396 1277 645 1343 676
ship 0.0232 4 193 1903 867
ship 0.0196 1660 204 1792 271
ship 0.0162 1650 57 1853 315
ship 0.0132 1784 297 1926 395
ship 0.0104 1497 695 1561 729
ship 0.0103 1671 223 1780 262
ship 0.0096 1671 174 1824 267
ship 0.0071 1494 640 1560 752
ship 0.0058 1736 26 2022 432
ship 0.0053 161 837 1776 1079
ship 0.0049 1791 158 1930 377
ship 0.0043 1274 610 1339 696
ship 0.0036 1717 -39 1913 250
ship 0.0029 1728 483 1926 534
ship 0.0029 529 772 667 869
ship 0.0027 245 744 1966 1011
ship 0.0021 -50 339 1902 587
ship 0.0019 1804 -30 1931 239
ship 0.0018 94 648 580 1056
ship 0.0017 1572 594 1640 618
ship 0.0014 29 421 1279 629
ship 0.0012 1412 65 1914 355
ship 0.0011 5 400 1924 1194
ship 0.0011 1790 61 1930 312
