ship 0.1925 1698 148 1911 387
ship 0.1327 63 216 1301 660
ship 0.0841 1682 6 1934 369
ship 0.0658 1169 664 1234 686
ship 0.0154 11 191 1902 870
ship 0.0128 1652 103 1857 347
ship 0.0126 -35 844 719 1075
ship 0.0121 1787 295 1923 396
ship 0.0093 1659 205 1794 272
ship 0.0080 1509 683 1563 719
ship 0.0075 1506 695 1557 726
ship 0.0056 1738 27 2019 432
ship 0.0051 1673 225 1779 262
ship 0.0049 1791 159 1929 377
ship 0.0048 1671 174 1829 269
ship 0.0048 17 414 1285 627
ship 0.0044 1503 638 1561 751
ship 0.0033 1717 -41 1913 252
ship 0.0024 256 854 1942 1079
ship 0.0023 1277 225 1358 246
ship 0.0022 96 768 557 1182
ship 0.0022 785 700 873 816
ship 0.0022 -14 341 1863 583
ship 0.0020 1794 13 1930 278
ship 0.0016 92 872 553 1022
ship 0.0015 1596 -35 1884 328
ship 0.0014 1411 66 1913 352
ship 0.0014 721 711 870 803
ship 0.0013 1172 661 1277 685
ship 0.0012 1716 483 1932 533
ship 0.0011 1743 248 1905 446
