ship 0.3462 447 721 537 744
ship 0.1028 1722 157 1900 376
ship 0.0381 -56 242 1641 647
ship 0.0321 1709 56 1908 314
ship 0.0107 1790 299 1922 390
ship 0.0080 -61 848 799 1080
ship 0.0070 419 714 570 755
ship 0.0064 1336 636 1432 668
ship 0.0063 1800 160 1928 374
ship 0.0054 451 700 534 768
ship 0.0042 1218 559 1317 582
ship 0.0037 62 410 1245 637
ship 0.0032 1491 643 1561 747
ship 0.0031 1044 597 1130 615
ship 0.0030 1245 624 1453 676
ship 0.0028 1495 696 1561 728
ship 0.0021 287 329 1845 728
ship 0.0021 1803 15 1927 273
ship 0.0020 1670 -93 1944 304
ship 0.0018 1312 209 1392 234
ship 0.0018 1667 112 1848 338
ship 0.0017 96 871 572 1021
ship 0.0015 1752 26 2007 431
ship 0.0014 1664 484 1928 536
ship 0.0014 1731 -38 1908 248
ship 0.0014 258 861 1932 1083
ship 0.0013 1164 551 1367 593
ship 0.0012 1254 614 1603 748
ship 0.0011 1068 832 1965 1073
ship 0.0011 96 763 572 1188
ship 0.0011 954 562 1159 618
