ship 0.4103 21 241 1254 667
ship 0.1210 1718 157 1923 375
ship 0.1185 1749 489 1900 535
ship 0.0567 1706 72 1919 294
ship 0.0470 1780 302 1933 384
ship 0.0206 1218 555 1323 585
ship 0.0174 1788 209 1929 399
ship 0.0102 1782 116 1933 328
ship 0.0092 1796 340 1918 376
ship 0.0073 1794 26 1924 255
ship 0.0066 1144 541 1333 594
ship 0.0065 113 410 1380 629
ship 0.0036 1767 510 1904 531
ship 0.0029 1807 474 1909 541
ship 0.0025 1814 96 1916 215
ship 0.0021 -36 191 1893 586
ship 0.0018 1853 297 1928 388
ship 0.0017 -195 69 1542 828
ship 0.0016 1380 25 1943 394
ship 0.0016 1675 -68 1940 282
ship 0.0015 1864 69 1926 201
ship 0.0015 1218 540 1319 576
ship 0.0014 973 687 1061 717
ship 0.0014 969 699 1062 735
ship 0.0012 1849 321 1923 369
ship 0.0011 1746 69 1980 387
ship 0.0011 1219 506 1329 596
