ship 0.1891 54 219 1284 663
ship 0.1707 1708 152 1906 383
ship 0.0722 1685 43 1932 413
ship 0.0279 1501 696 1567 726
ship 0.0222 -57 850 771 1082
ship 0.0133 12 214 1900 846
ship 0.0115 1787 296 1922 394
ship 0.0110 1492 646 1569 744
ship 0.0103 862 641 1254 735
ship 0.0071 1046 596 1126 616
ship 0.0067 1794 159 1929 376
ship 0.0052 1657 56 1854 315
ship 0.0037 96 414 1756 641
ship 0.0033 1216 558 1322 581
ship 0.0032 1307 210 1392 235
ship 0.0030 1671 -93 1945 304
ship 0.0026 103 760 558 1191
ship 0.0023 1685 198 1827 277
ship 0.0021 1799 13 1929 277
ship 0.0018 1725 -40 1911 251
ship 0.0015 1164 550 1367 591
ship 0.0015 119 864 544 1027
ship 0.0015 495 860 1975 1073
ship 0.0013 1497 659 1570 702
ship 0.0011 1743 -25 2014 401
ship 0.0010 1747 249 1903 445
