ship 0.1180 53 219 1314 658
ship 0.1135 1718 155 1901 379
ship 0.0392 1686 39 1930 417
ship 0.0330 685 702 770 725
ship 0.0249 -23 842 750 1080
ship 0.0105 1715 4 1912 287
ship 0.0102 1216 558 1319 581
ship 0.0064 1787 297 1922 390
ship 0.0055 94 861 567 1024
ship 0.0052 1799 159 1928 375
ship 0.0047 77 731 581 1137
ship 0.0043 177 417 1665 649
ship 0.0036 1091 832 1947 1075
ship 0.0032 10 204 1878 855
ship 0.0031 1661 60 1851 310
ship 0.0031 40 344 1799 588
ship 0.0028 1166 550 1362 589
ship 0.0024 667 697 841 735
ship 0.0023 1656 483 1932 536
ship 0.0022 1801 14 1928 275
ship 0.0015 261 855 1939 1083
ship 0.0015 1046 596 1129 615
ship 0.0012 1114 650 1362 699
ship 0.0011 1572 -45 1901 337
