ship 0.0765 1727 159 1900 374
ship 0.0743 45 222 1315 655
ship 0.0644 1732 578 1782 605
ship 0.0640 0 654 61 687
ship 0.0341 1686 40 1931 416
ship 0.0278 1788 305 1918 381
ship 0.0148 1728 486 1926 531
ship 0.0089 13 412 1283 629
ship 0.0089 1796 342 1913 377
ship 0.0086 19 339 1823 593
ship 0.0086 1371 -15 1962 293
ship 0.0083 1255 611 1438 656
ship 0.0075 1386 619 1436 647
ship 0.0072 10 135 1898 765
ship 0.0069 1721 -42 1920 251
ship 0.0060 1327 621 1441 652
ship 0.0051 1805 161 1925 373
ship 0.0050 -64 834 530 1072
ship 0.0044 1806 -63 1930 187
ship 0.0043 1238 62 1880 338
ship 0.0043 1580 538 1637 573
ship 0.0040 -6 622 57 720
ship 0.0036 1796 16 1927 272
ship 0.0036 13 631 83 714
ship 0.0033 241 857 1953 1075
ship 0.0029 9 647 83 677
ship 0.0029 -11 643 64 680
ship 0.0025 1661 56 1854 314
ship 0.0024 -47 642 100 700
ship 0.0023 1581 551 1633 579
ship 0.0022 1730 540 1781 638
ship 0.0021 1580 494 1634 603
ship 0.0019 1337 634 1428 658
ship 0.0018 1069 836 1970 1072
ship 0.0016 1061 586 1260 640
ship 0.0016 42 874 498 1019
ship 0.0016 860 687 940 787
ship 0.0015 351 432 1810 627
ship 0.0012 341 309 435 329
ship 0.0012 1738 576 1820 605
ship 0.0011 1501 631 1560 759
ship 0.0011 1124 498 1595 636
ship 0.0011 1579 -60 1892 352
ship 0.0010 796 701 940 777
ship 0.0010 1504 698 1558 728
ship 0.0010 1760 -70 2000 363
ship 0.0010 1823 -21 1904 127
ship 0.0010 1866 -41 1916 107
