ship 0.0977 1724 577 1779 603
ship 0.0952 38 220 1299 658
ship 0.0939 1500 695 1564 725
ship 0.0741 1728 158 1900 375
ship 0.0499 1733 488 1922 531
ship 0.0346 1684 40 1932 416
ship 0.0264 1788 305 1919 381
ship 0.0211 1404 615 1514 641
ship 0.0157 1490 652 1569 737
ship 0.0105 41 414 1223 645
ship 0.0086 1579 537 1634 569
ship 0.0083 13 211 1898 848
ship 0.0072 1718 -43 1922 251
ship 0.0069 1373 -14 1953 290
ship 0.0068 1335 583 1522 648
ship 0.0064 1797 343 1913 377
ship 0.0053 1238 63 1874 333
ship 0.0046 32 873 511 1015
ship 0.0046 1807 160 1924 374
ship 0.0045 1805 -63 1930 187
ship 0.0039 -44 341 1896 581
ship 0.0038 1111 543 1476 651
ship 0.0031 1796 16 1927 271
ship 0.0030 -69 829 534 1073
ship 0.0028 1051 643 1132 747
ship 0.0028 1764 496 1895 526
ship 0.0025 1725 543 1779 635
ship 0.0024 1101 507 1599 628
ship 0.0023 1581 494 1631 603
ship 0.0021 1699 88 1915 291
ship 0.0020 1155 547 1386 596
ship 0.0018 1489 684 1629 741
ship 0.0017 1822 -20 1904 126
ship 0.0015 1190 585 1418 633
ship 0.0014 449 332 539 359
ship 0.0013 1050 679 1136 722
ship 0.0012 256 428 1906 637
ship 0.0011 129 771 529 1178
ship 0.0010 1222 558 1324 581
ship 0.0010 1581 -62 1889 354
ship 0.0010 1722 564 1787 595
ship 0.0010 163 227 245 247
