ship 0.0745 1713 574 1783 599
ship 0.0720 1502 696 1564 725
ship 0.0666 1728 159 1900 374
ship 0.0596 42 230 1300 641
ship 0.0396 1682 41 1933 415
ship 0.0283 119 411 1743 641
ship 0.0228 1787 305 1919 380
ship 0.0126 5 230 1899 826
ship 0.0123 1732 486 1923 531
ship 0.0102 1494 649 1567 740
ship 0.0079 1718 -43 1923 251
ship 0.0053 1804 -63 1930 187
ship 0.0052 1796 343 1914 377
ship 0.0048 1338 583 1563 637
ship 0.0045 1375 -15 1955 288
ship 0.0040 1117 503 1615 637
ship 0.0038 125 874 522 1014
ship 0.0038 1807 161 1924 373
ship 0.0036 -65 826 526 1075
ship 0.0034 1795 16 1927 271
ship 0.0027 1039 541 1574 664
ship 0.0024 1697 87 1917 291
ship 0.0021 1225 65 1874 332
ship 0.0019 1823 -21 1904 127
ship 0.0016 -21 429 1154 621
ship 0.0015 1219 559 1328 580
ship 0.0015 159 227 245 245
ship 0.0014 1713 548 1784 629
ship 0.0013 1574 534 1638 565
ship 0.0013 948 635 1313 727
ship 0.0012 1865 -40 1916 106
ship 0.0011 1585 -62 1888 354
ship 0.0011 1108 641 1275 714
ship 0.0010 1760 -71 2000 363
