ship 0.0741 1726 159 1901 374
ship 0.0454 15 257 1847 644
ship 0.0435 1685 42 1931 414
ship 0.0303 1731 486 1924 532
ship 0.0221 -23 801 512 1084
ship 0.0181 423 776 591 856
ship 0.0174 1788 306 1918 379
ship 0.0134 1532 579 1622 613
ship 0.0121 1717 -42 1921 250
ship 0.0052 1803 -63 1930 188
ship 0.0050 136 671 524 1032
ship 0.0042 1515 534 1682 615
ship 0.0039 1796 343 1916 377
ship 0.0037 1806 161 1923 373
ship 0.0034 1536 547 1612 632
ship 0.0034 1661 55 1856 314
ship 0.0033 1794 17 1927 271
ship 0.0031 275 417 1893 658
ship 0.0030 1368 -14 1961 286
ship 0.0029 45 868 498 1018
ship 0.0026 1360 448 1662 839
ship 0.0021 990 508 1743 739
ship 0.0020 1229 64 1867 335
ship 0.0020 1556 554 1641 626
ship 0.0019 -39 137 1200 613
ship 0.0017 160 226 244 246
ship 0.0017 1213 526 1664 684
ship 0.0016 1501 566 1642 618
ship 0.0016 1423 523 1622 761
ship 0.0015 1766 496 1895 526
ship 0.0014 1284 622 1465 678
ship 0.0014 1824 -22 1903 128
ship 0.0012 99 765 544 938
ship 0.0012 1758 -70 2001 362
ship 0.0011 1865 -40 1916 106
ship 0.0011 192 245 1972 983
ship 0.0010 372 507 1815 717
ship 0.0010 275 847 1928 1078
