ship 0.1055 116 838 267 889
ship 0.0503 1684 -7 1931 381
ship 0.0405 0 661 106 774
ship 0.0403 1728 158 1901 375
ship 0.0244 -2 269 1871 630
ship 0.0178 1788 306 1918 380
ship 0.0165 1793 594 1874 624
ship 0.0137 1825 591 1889 627
ship 0.0115 496 638 555 663
ship 0.0077 -55 805 512 1079
ship 0.0076 1240 251 1307 275
ship 0.0073 1730 -71 1912 198
ship 0.0058 1793 -27 1928 234
ship 0.0053 1656 55 1857 314
ship 0.0043 -4 817 387 978
ship 0.0040 501 627 560 653
ship 0.0038 1819 545 1901 639
ship 0.0036 1796 342 1916 377
ship 0.0029 37 439 1298 614
ship 0.0029 1809 159 1923 375
ship 0.0028 1703 43 1913 258
ship 0.0027 142 823 493 981
ship 0.0025 25 583 175 785
ship 0.0025 1500 632 1559 759
ship 0.0023 1753 582 1892 636
ship 0.0022 1823 -18 1903 123
ship 0.0020 122 859 224 888
ship 0.0020 1505 681 1562 719
ship 0.0018 1430 60 1894 348
ship 0.0018 1791 566 1872 653
ship 0.0018 3 255 1897 969
ship 0.0017 1500 697 1560 729
ship 0.0016 104 813 247 883
ship 0.0014 33 853 1871 1080
ship 0.0014 1603 -56 1875 347
ship 0.0014 1755 -69 2003 361
ship 0.0013 1786 582 1882 617
ship 0.0013 1506 662 1567 698
ship 0.0011 1361 -17 1975 286
ship 0.0010 1868 789 1921 937
ship 0.0010 1799 64 1923 305
