ship 0.2036 8 855 151 913
ship 0.0651 1683 -1 1932 374
ship 0.0498 1565 617 1656 647
ship 0.0401 1726 159 1902 374
ship 0.0354 14 264 1866 629
ship 0.0286 437 639 493 666
ship 0.0200 1527 605 1670 655
ship 0.0197 1787 305 1918 380
ship 0.0117 1654 58 1856 310
ship 0.0098 -20 708 401 1076
ship 0.0071 1729 -71 1913 198
ship 0.0055 1793 -28 1928 235
ship 0.0043 44 441 1255 609
ship 0.0041 1797 342 1915 377
ship 0.0040 1599 601 1673 638
ship 0.0036 -7 818 383 982
ship 0.0031 1808 160 1923 374
ship 0.0027 1823 -17 1904 123
ship 0.0024 1501 696 1554 728
ship 0.0023 1561 634 1645 659
ship 0.0021 1501 681 1558 718
ship 0.0019 1607 -52 1872 343
ship 0.0016 0 814 120 909
ship 0.0016 1753 -67 2004 360
ship 0.0015 1500 638 1557 752
ship 0.0015 1245 250 1312 278
ship 0.0014 231 857 1950 1080
ship 0.0014 434 628 497 655
ship 0.0013 1438 62 1894 341
ship 0.0013 436 600 491 703
ship 0.0012 1444 553 1609 727
ship 0.0012 246 885 440 966
ship 0.0011 1367 -16 1973 282
ship 0.0010 93 865 441 1022
