ship 0.1430 11 832 188 899
ship 0.0627 1683 -4 1932 378
ship 0.0417 1676 603 1759 635
ship 0.0395 1728 158 1902 375
ship 0.0291 65 861 176 896
ship 0.0273 -52 808 512 1084
ship 0.0245 458 639 521 665
ship 0.0235 1245 251 1311 277
ship 0.0144 1788 306 1918 380
ship 0.0137 37 235 1325 627
ship 0.0099 -2 342 1865 591
ship 0.0085 1656 57 1856 311
ship 0.0080 -17 812 387 988
ship 0.0076 2 179 1908 882
ship 0.0075 1728 -71 1913 198
ship 0.0067 1499 637 1560 754
ship 0.0062 41 440 1258 612
ship 0.0057 1504 680 1562 719
ship 0.0051 1793 -27 1928 234
ship 0.0039 1679 575 1755 648
ship 0.0038 1699 43 1914 257
ship 0.0031 1809 159 1923 375
ship 0.0031 1707 602 1773 632
ship 0.0024 81 860 447 1025
ship 0.0023 1795 343 1917 377
ship 0.0023 -28 659 401 1044
ship 0.0023 1824 -18 1904 124
ship 0.0019 1099 832 1945 1073
ship 0.0018 1500 695 1559 728
ship 0.0018 462 627 525 654
ship 0.0018 1239 260 1306 289
ship 0.0016 235 853 1949 1080
ship 0.0015 341 307 431 328
ship 0.0015 1752 -68 2005 360
ship 0.0015 1609 -54 1870 345
ship 0.0013 1603 590 1752 644
ship 0.0012 1261 249 1336 275
ship 0.0012 11 751 184 947
ship 0.0012 1865 -38 1916 104
ship 0.0011 1430 61 1896 346
