ship 0.0836 475 638 527 661
ship 0.0577 1682 -4 1933 378
ship 0.0358 1728 159 1901 375
ship 0.0356 43 233 1318 631
ship 0.0339 -44 811 500 1079
ship 0.0297 1755 602 1827 629
ship 0.0295 1498 697 1557 726
ship 0.0242 1241 251 1309 278
ship 0.0224 1787 306 1919 380
ship 0.0142 3 340 1851 592
ship 0.0110 48 434 1250 615
ship 0.0109 3 184 1906 877
ship 0.0097 1493 646 1561 745
ship 0.0084 1655 57 1856 311
ship 0.0081 472 629 532 653
ship 0.0080 114 860 208 893
ship 0.0069 1729 -72 1913 199
ship 0.0054 1793 -28 1928 235
ship 0.0048 81 848 240 906
ship 0.0038 69 817 445 992
ship 0.0036 1699 42 1915 259
ship 0.0032 1795 343 1915 377
ship 0.0029 1809 159 1923 375
ship 0.0028 112 822 206 901
ship 0.0027 1660 592 1834 637
ship 0.0027 339 308 433 327
ship 0.0026 1824 -18 1903 123
ship 0.0018 1234 259 1306 290
ship 0.0016 1787 600 1842 627
ship 0.0016 54 883 468 1059
ship 0.0016 1606 -53 1873 344
ship 0.0015 1753 -68 2004 360
ship 0.0013 336 295 432 319
ship 0.0011 1432 61 1896 343
ship 0.0011 1237 212 1303 305
ship 0.0010 472 603 527 697
ship 0.0010 1134 542 1323 592
