ship 0.1025 188 682 337 753
ship 0.0516 1684 -6 1931 380
ship 0.0441 1727 159 1901 375
ship 0.0358 151 831 305 885
ship 0.0351 1866 576 1918 616
ship 0.0278 1827 579 1909 616
ship 0.0238 172 842 282 879
ship 0.0188 1787 305 1918 380
ship 0.0183 512 637 567 663
ship 0.0126 1823 548 1911 633
ship 0.0098 1863 543 1923 639
ship 0.0095 11 186 1898 874
ship 0.0076 31 659 371 780
ship 0.0073 1731 -71 1912 198
ship 0.0062 1656 54 1857 315
ship 0.0060 -42 811 511 1074
ship 0.0059 1793 -27 1928 234
ship 0.0038 246 858 1941 1077
ship 0.0034 1795 343 1916 377
ship 0.0034 508 629 570 654
ship 0.0032 1079 835 1957 1072
ship 0.0029 1809 160 1923 374
ship 0.0029 1702 43 1913 258
ship 0.0024 151 797 261 883
ship 0.0023 -108 338 1987 594
ship 0.0021 1822 -18 1904 124
ship 0.0021 156 819 481 986
ship 0.0020 217 643 322 751
ship 0.0019 73 862 468 1020
ship 0.0018 150 706 502 1081
ship 0.0017 1788 579 1927 636
ship 0.0015 1604 -55 1874 346
ship 0.0015 1754 -68 2003 360
ship 0.0014 1245 247 1313 274
ship 0.0013 205 713 321 749
ship 0.0012 26 237 1366 625
ship 0.0012 1427 63 1897 341
ship 0.0011 1502 627 1560 764
ship 0.0011 1355 -16 1980 285
ship 0.0011 -8 816 398 980
ship 0.0010 1819 565 1965 625
ship 0.0010 1873 548 1923 603
