ship 0.7983 859 656 950 698
ship 0.5565 305 821 412 856
ship 0.5038 582 629 645 652
ship 0.0826 289 796 425 856
ship 0.0539 1683 -5 1933 379
ship 0.0474 853 612 959 696
ship 0.0340 1728 160 1901 373
ship 0.0194 853 645 997 700
ship 0.0141 1788 306 1918 380
ship 0.0114 15 197 1902 859
ship 0.0066 577 598 646 662
ship 0.0062 1730 -71 1913 198
ship 0.0061 1658 58 1855 311
ship 0.0054 1793 -27 1929 234
ship 0.0041 4 337 1324 596
ship 0.0039 1245 231 1317 259
ship 0.0039 71 698 445 1090
ship 0.0033 1700 43 1915 258
ship 0.0030 1808 161 1924 373
ship 0.0028 1796 343 1916 377
ship 0.0023 57 884 463 1055
ship 0.0023 325 807 422 849
ship 0.0023 1823 -18 1903 124
ship 0.0016 1753 -68 2005 360
ship 0.0016 21 422 1843 625
ship 0.0013 221 850 1973 1076
ship 0.0013 1605 -56 1874 347
ship 0.0013 890 641 964 682
ship 0.0013 308 840 401 865
ship 0.0012 508 598 1022 684
ship 0.0012 1359 -15 1979 283
ship 0.0012 1869 789 1921 937
ship 0.0011 1247 240 1313 267
