ship 0.1916 376 661 518 733
ship 0.1346 178 813 315 877
ship 0.0541 1684 -6 1932 380
ship 0.0417 1727 159 1901 374
ship 0.0363 196 838 303 876
ship 0.0363 1868 574 1921 616
ship 0.0222 1871 509 1924 635
ship 0.0205 1787 306 1918 380
ship 0.0167 374 693 499 733
ship 0.0122 13 187 1900 874
ship 0.0071 215 826 311 868
ship 0.0071 1730 -71 1913 198
ship 0.0069 1656 55 1856 314
ship 0.0069 533 637 592 662
ship 0.0064 147 653 518 1052
ship 0.0057 1826 578 1914 613
ship 0.0056 1793 -27 1928 234
ship 0.0038 1796 342 1915 377
ship 0.0036 1874 546 1923 603
ship 0.0034 1700 43 1914 258
ship 0.0033 1808 160 1924 374
ship 0.0033 1825 544 1913 637
ship 0.0031 1870 554 1925 670
ship 0.0030 -103 337 1979 592
ship 0.0029 1823 -17 1904 123
ship 0.0028 1867 590 1923 629
ship 0.0028 409 626 507 725
ship 0.0023 -1 698 388 1087
ship 0.0023 103 637 545 739
ship 0.0023 222 857 1960 1080
ship 0.0021 501 640 577 667
ship 0.0018 538 628 595 652
ship 0.0017 1753 -68 2005 360
ship 0.0015 -6 806 756 1084
ship 0.0015 17 241 1379 620
ship 0.0014 1607 -55 1872 346
ship 0.0014 1431 63 1897 339
ship 0.0012 1800 565 1925 621
ship 0.0012 1358 -15 1979 284
ship 0.0012 187 770 295 872
