ship 0.2452 716 660 817 701
ship 0.0585 568 627 633 651
ship 0.0488 1683 -7 1933 381
ship 0.0464 738 638 830 710
ship 0.0417 269 824 369 862
ship 0.0396 246 810 390 871
ship 0.0378 1728 159 1901 374
ship 0.0318 735 671 821 710
ship 0.0272 -33 793 507 1079
ship 0.0185 1787 305 1918 380
ship 0.0155 1499 696 1564 726
ship 0.0127 264 773 368 867
ship 0.0091 10 194 1897 862
ship 0.0082 173 651 489 1053
ship 0.0059 1793 -27 1929 234
ship 0.0059 1732 -71 1913 198
ship 0.0056 554 634 611 659
ship 0.0048 1657 56 1855 313
ship 0.0044 1796 342 1914 377
ship 0.0042 1495 645 1563 746
ship 0.0031 1808 160 1924 374
ship 0.0029 -102 339 1977 588
ship 0.0028 268 804 371 851
ship 0.0027 1702 43 1914 257
ship 0.0026 1824 -18 1903 123
ship 0.0021 -28 780 421 930
ship 0.0021 31 237 1351 626
ship 0.0019 30 429 1287 621
ship 0.0019 230 716 418 989
ship 0.0018 -22 667 407 1034
ship 0.0016 68 841 1850 1075
ship 0.0014 1270 229 1337 258
ship 0.0014 1754 -69 2004 361
ship 0.0013 24 810 988 1075
ship 0.0012 268 840 365 871
ship 0.0012 1602 -57 1876 348
ship 0.0011 -40 641 820 1132
ship 0.0011 1356 -16 1982 284
ship 0.0011 566 596 635 666
ship 0.0010 1246 230 1317 259
ship 0.0010 1865 -38 1916 104
