ship 0.7374 5 165 1912 1074
ship 0.0408 411 317 581 409
ship 0.0189 424 -121 2020 877
ship 0.0168 1077 139 1912 778
ship 0.0152 1250 104 1815 495
ship 0.0109 -3 175 44 300
ship 0.0084 1393 228 1779 565
ship 0.0074 1085 82 1233 140
ship 0.0061 5 655 1896 1066
ship 0.0060 1105 38 1220 151
ship 0.0042 0 211 44 263
ship 0.0039 0 203 39 356
ship 0.0039 727 300 1969 918
ship 0.0034 1538 422 1739 469
ship 0.0030 -121 -8 1156 130
ship 0.0026 -2 269 40 415
ship 0.0023 -6 194 50 246
ship 0.0013 1616 435 1735 467
ship 0.0012 0 226 38 289
ship 0.0011 1866 147 1925 289
ship 0.0011 398 336 530 431
