ship 0.3636 5 248 1915 1160
ship 0.1677 950 314 1857 922
ship 0.0187 1018 452 1799 791
ship 0.0118 -1 167 43 309
ship 0.0098 0 219 44 259
ship 0.0038 636 56 2137 1024
ship 0.0029 204 269 1735 825
ship 0.0026 0 199 49 247
ship 0.0019 821 127 1921 666
ship 0.0017 -6 580 839 1148
ship 0.0016 103 552 1823 1024
ship 0.0015 -20 115 403 508
ship 0.0015 1345 453 1952 791
ship 0.0015 1247 233 2042 860
ship 0.0013 4 785 97 894
ship 0.0011 -169 -14 954 126
ship 0.0011 1130 301 1899 647
ship 0.0011 0 211 40 391
ship 0.0010 0 235 42 282
ship 0.0010 1430 246 1872 709
