ship 0.8309 9 175 1913 1065
ship 0.1512 200 189 284 218
ship 0.1398 1081 159 1921 757
ship 0.0322 -6 182 46 294
ship 0.0170 445 -127 2011 886
ship 0.0167 772 305 1932 909
ship 0.0164 1261 99 1822 502
ship 0.0097 195 162 292 228
ship 0.0079 -1 209 47 267
ship 0.0044 -5 191 52 249
ship 0.0040 2 163 93 273
ship 0.0040 1 595 93 713
ship 0.0028 -4 124 110 325
ship 0.0028 -10 135 50 260
ship 0.0027 -13 613 55 736
ship 0.0027 936 45 1867 577
ship 0.0027 0 224 39 287
ship 0.0026 -1 17 109 268
ship 0.0021 31 645 1870 1065
ship 0.0019 -48 181 98 252
ship 0.0018 2 198 34 360
ship 0.0016 -73 262 1473 843
ship 0.0014 -5 538 109 742
ship 0.0014 218 198 303 226
ship 0.0014 1348 264 1922 633
ship 0.0011 -39 162 266 293
