ship 0.7238 13 196 1916 1047
ship 0.0564 -10 163 51 272
ship 0.0457 1082 153 1911 765
ship 0.0198 437 -151 2011 906
ship 0.0191 1775 599 1886 626
ship 0.0169 0 210 47 266
ship 0.0149 -1 194 41 323
ship 0.0132 771 303 1927 917
ship 0.0111 -4 191 51 249
ship 0.0099 1219 173 1839 574
ship 0.0056 8 159 87 276
ship 0.0046 0 225 40 286
ship 0.0040 -47 179 92 254
ship 0.0035 1712 559 1925 634
ship 0.0032 1746 599 1851 620
ship 0.0026 -2 18 111 265
ship 0.0026 -153 -15 906 133
ship 0.0024 0 370 39 521
ship 0.0023 -6 103 48 250
ship 0.0022 15 654 1898 1062
ship 0.0016 1 217 37 383
ship 0.0016 1191 99 1281 132
ship 0.0016 1540 423 1733 468
ship 0.0014 10 194 78 247
ship 0.0014 1581 434 1701 463
ship 0.0012 1803 541 1914 646
ship 0.0012 911 46 1863 579
ship 0.0012 1555 433 1663 459
ship 0.0011 0 244 35 310
