ship 0.2601 966 259 1847 819
ship 0.2154 110 345 294 431
ship 0.0430 1035 457 1796 778
ship 0.0377 16 231 1904 1180
ship 0.0186 -4 148 48 288
ship 0.0180 -7 625 55 766
ship 0.0121 0 220 46 261
ship 0.0069 0 179 43 339
ship 0.0053 7 648 85 787
ship 0.0049 -112 -5 1130 120
ship 0.0044 620 63 2158 1008
ship 0.0041 1082 391 1959 986
ship 0.0035 1822 255 1910 389
ship 0.0033 890 388 1700 700
ship 0.0031 1 136 375 485
ship 0.0031 0 196 50 248
ship 0.0029 1270 150 2028 789
ship 0.0025 1348 455 1943 786
ship 0.0024 117 390 279 444
ship 0.0022 0 236 42 278
ship 0.0018 120 359 226 445
ship 0.0018 43 334 329 445
ship 0.0017 1154 294 1892 654
ship 0.0017 -2 673 59 726
ship 0.0016 0 694 58 746
ship 0.0014 3 600 101 849
ship 0.0013 812 117 1937 677
ship 0.0012 65 433 1599 994
ship 0.0012 1872 180 1919 221
ship 0.0011 1871 129 1916 267
ship 0.0010 0 228 40 416
