ship 0.2617 13 170 1910 1083
ship 0.2564 946 293 1867 949
ship 0.1411 -9 230 375 560
ship 0.0294 -3 173 47 303
ship 0.0258 -1 386 353 555
ship 0.0128 0 219 47 264
ship 0.0128 1021 383 1783 715
ship 0.0092 43 446 1628 991
ship 0.0062 0 236 42 279
ship 0.0052 -1 199 41 361
ship 0.0037 491 183 562 211
ship 0.0035 611 292 2149 1271
ship 0.0035 1544 328 1906 711
ship 0.0026 -4 100 102 353
ship 0.0024 -2 196 52 249
ship 0.0022 1138 441 1892 810
ship 0.0022 835 115 1914 678
ship 0.0021 -99 -5 1392 126
ship 0.0018 -2 256 41 430
ship 0.0016 982 544 1834 875
ship 0.0016 74 324 297 546
ship 0.0015 -17 57 396 484
ship 0.0014 1157 46 1248 139
ship 0.0011 -1 259 42 304
ship 0.0010 1117 64 1267 127
ship 0.0010 501 665 573 688
ship 0.0010 -1 282 44 324
ship 0.0010 1258 149 2037 790
