ship 0.9134 109 225 304 297
ship 0.2940 0 255 1910 1158
ship 0.2676 18 206 344 320
ship 0.1733 928 297 1874 945
ship 0.0226 0 169 44 306
ship 0.0131 0 325 43 485
ship 0.0128 -2 152 104 381
ship 0.0117 2 218 45 263
ship 0.0114 1012 385 1789 711
ship 0.0084 0 239 41 280
ship 0.0084 628 33 2148 1050
ship 0.0073 -2 268 45 416
ship 0.0069 -120 -3 1157 124
ship 0.0050 0 175 224 356
ship 0.0050 136 242 275 285
ship 0.0037 4 92 363 439
ship 0.0029 1 545 1677 1042
ship 0.0028 1542 325 1907 714
ship 0.0026 -1 260 44 304
ship 0.0023 837 115 1914 676
ship 0.0022 -1 342 44 387
ship 0.0018 0 198 51 247
ship 0.0018 1137 442 1898 806
ship 0.0017 -1 363 43 407
ship 0.0014 -2 405 46 452
ship 0.0014 0 282 50 325
ship 0.0013 -1 381 43 431
ship 0.0012 -2 321 48 369
ship 0.0012 83 143 298 310
ship 0.0012 1483 51 1587 88
ship 0.0011 0 740 49 900
ship 0.0010 7 592 829 1136
