ship 0.5868 373 177 472 217
ship 0.1043 370 136 476 217
ship 0.0813 947 324 1869 910
ship 0.0217 25 159 1900 1088
ship 0.0196 6 631 91 762
ship 0.0140 358 163 532 221
ship 0.0125 1007 455 1814 787
ship 0.0092 -5 603 58 745
ship 0.0054 373 193 464 225
ship 0.0030 1341 450 1963 796
ship 0.0029 1734 608 1908 844
ship 0.0027 1640 476 1965 896
ship 0.0025 -3 144 43 292
ship 0.0024 1256 226 2042 866
ship 0.0023 1814 607 1925 843
ship 0.0020 2 561 105 806
ship 0.0019 -5 578 812 1137
ship 0.0017 1435 267 1865 687
ship 0.0016 412 163 482 200
ship 0.0016 0 200 48 241
ship 0.0012 54 640 697 946
ship 0.0011 375 172 466 255
ship 0.0011 1185 537 1910 863
