ship 0.8498 16 268 1898 1139
ship 0.8075 3 442 371 584
ship 0.0881 194 56 2000 872
ship 0.0324 1110 164 1889 754
ship 0.0149 1394 224 1776 570
ship 0.0134 1267 99 1807 505
ship 0.0106 14 371 365 654
ship 0.0079 749 294 1951 924
ship 0.0069 1143 43 1251 146
ship 0.0052 1120 83 1263 133
ship 0.0050 1544 423 1729 469
ship 0.0048 39 642 1860 1066
ship 0.0041 -20 472 299 622
ship 0.0026 1578 434 1705 464
ship 0.0018 -3 443 125 671
ship 0.0014 -159 -16 919 131
ship 0.0012 1777 600 1884 626
ship 0.0011 49 466 353 544
