ship 0.2474 5 268 1914 1136
ship 0.2104 967 233 1831 862
ship 0.0162 1026 454 1783 793
ship 0.0096 -8 144 99 391
ship 0.0087 -2 268 106 516
ship 0.0049 -3 166 49 311
ship 0.0046 641 44 2135 1036
ship 0.0029 869 467 1878 1099
ship 0.0020 -2 64 93 306
ship 0.0018 -108 -9 1141 128
ship 0.0018 1454 -15 1526 123
ship 0.0017 -2 252 45 434
ship 0.0015 89 550 1821 1020
ship 0.0015 0 220 53 265
ship 0.0015 1238 309 2051 931
ship 0.0013 272 266 1684 822
ship 0.0013 1045 96 1971 696
ship 0.0012 1352 226 1817 648
ship 0.0011 5 589 821 1139
ship 0.0010 1443 57 1534 96
ship 0.0010 403 127 605 222
ship 0.0010 0 615 391 1002
