ship 0.2860 976 234 1826 859
ship 0.2614 6 265 1913 1138
ship 0.1721 7 125 360 241
ship 0.0203 1034 372 1770 725
ship 0.0085 1451 -10 1531 117
ship 0.0063 -1 269 104 514
ship 0.0047 646 45 2132 1034
ship 0.0043 8 -7 360 294
ship 0.0037 -90 -5 1132 128
ship 0.0036 1440 55 1538 96
ship 0.0034 -1 181 96 437
ship 0.0030 872 466 1879 1099
ship 0.0029 0 162 49 313
ship 0.0024 994 541 1809 868
ship 0.0021 7 588 812 1140
ship 0.0019 93 546 1819 1022
ship 0.0017 1051 94 1965 698
ship 0.0017 -2 250 45 436
ship 0.0016 78 55 291 233
ship 0.0014 1352 225 1817 649
ship 0.0014 1234 310 2053 928
ship 0.0013 1 239 53 280
ship 0.0012 290 265 1669 821
ship 0.0011 5 787 101 892
ship 0.0010 0 616 390 1001
