ship 0.2352 967 235 1830 859
ship 0.2245 10 269 1909 1134
ship 0.0270 114 133 511 229
ship 0.0177 1025 453 1784 792
ship 0.0074 -2 269 106 515
ship 0.0049 -5 142 100 394
ship 0.0047 641 46 2137 1034
ship 0.0031 -101 -7 1137 129
ship 0.0026 -3 254 46 432
ship 0.0025 867 468 1881 1098
ship 0.0023 -2 167 47 308
ship 0.0019 1455 -16 1527 124
ship 0.0017 94 548 1817 1021
ship 0.0015 35 90 495 209
ship 0.0015 1352 230 1817 643
ship 0.0014 6 587 816 1142
ship 0.0013 1237 312 2051 928
ship 0.0012 1048 96 1968 696
ship 0.0012 0 66 97 304
ship 0.0012 281 266 1676 820
ship 0.0011 0 221 53 264
