ship 0.1086 948 333 1862 904
ship 0.0489 209 319 402 407
ship 0.0361 207 345 363 425
ship 0.0193 16 233 1893 1175
ship 0.0098 122 295 405 426
ship 0.0061 1143 447 1912 802
ship 0.0033 626 60 2144 1020
ship 0.0028 -3 144 44 291
ship 0.0024 1638 474 1968 898
ship 0.0019 301 284 391 403
ship 0.0019 1391 546 1923 853
ship 0.0018 245 264 401 433
ship 0.0017 0 200 49 242
ship 0.0015 643 213 1878 728
ship 0.0015 1736 605 1907 847
ship 0.0013 1816 606 1924 844
ship 0.0011 890 467 1683 769
ship 0.0011 -36 176 498 410
ship 0.0010 1245 234 2048 861
