ship 0.3298 59 359 428 503
ship 0.2697 958 251 1837 840
ship 0.1016 13 239 446 500
ship 0.0497 12 261 1900 1150
ship 0.0427 -5 154 49 282
ship 0.0293 0 219 44 262
ship 0.0126 0 197 49 248
ship 0.0105 0 184 41 332
ship 0.0077 1072 412 1953 965
ship 0.0071 -1 237 39 277
ship 0.0060 983 545 1838 856
ship 0.0050 624 56 2154 1021
ship 0.0033 1136 372 1887 730
ship 0.0025 142 288 388 499
ship 0.0021 1434 261 1866 693
ship 0.0018 -22 12 550 114
ship 0.0016 1339 460 1948 786
ship 0.0016 1267 147 2032 792
ship 0.0015 1823 250 1906 395
ship 0.0014 823 113 1922 678
ship 0.0012 37 716 729 1032
ship 0.0012 101 405 383 488
ship 0.0011 0 62 95 307
ship 0.0011 -168 -7 1198 121
ship 0.0010 91 567 1818 1011
