ship 0.7693 426 163 514 197
ship 0.1471 5 255 1926 1161
ship 0.1339 417 141 515 205
ship 0.1081 922 247 1868 830
ship 0.0457 -5 154 49 282
ship 0.0240 0 219 45 261
ship 0.0231 13 604 822 1123
ship 0.0136 0 197 49 247
ship 0.0108 439 172 528 205
ship 0.0097 0 182 42 334
ship 0.0078 992 380 1814 715
ship 0.0073 610 65 2162 1006
ship 0.0061 801 162 854 196
ship 0.0061 -113 -6 1149 122
ship 0.0055 413 164 554 213
ship 0.0049 0 236 41 277
ship 0.0047 1273 130 2029 797
ship 0.0043 -3 564 104 804
ship 0.0035 1403 133 1931 455
ship 0.0029 1824 255 1909 388
ship 0.0020 203 440 1740 993
ship 0.0019 1065 387 1973 1000
ship 0.0016 1146 453 1912 793
ship 0.0013 4 623 93 770
ship 0.0012 90 662 1837 1072
ship 0.0012 802 119 854 232
ship 0.0012 -7 634 550 948
ship 0.0011 1723 141 1791 163
ship 0.0011 1375 293 1933 635
ship 0.0011 -10 573 793 884
ship 0.0010 -1 102 98 351
