ship 0.2123 954 317 1853 923
ship 0.0757 -3 176 48 299
ship 0.0643 321 255 474 442
ship 0.0556 123 147 198 171
ship 0.0390 0 218 46 265
ship 0.0208 1018 382 1782 719
ship 0.0190 314 314 466 413
ship 0.0126 0 237 41 280
ship 0.0124 25 278 1890 1133
ship 0.0122 0 203 42 356
ship 0.0084 -2 197 52 249
ship 0.0068 -117 -2 1158 119
ship 0.0067 0 322 43 488
ship 0.0060 -2 265 41 420
ship 0.0054 1149 51 1251 135
ship 0.0053 626 41 2155 1040
ship 0.0038 0 282 43 324
ship 0.0032 0 259 41 304
ship 0.0021 310 358 461 443
ship 0.0020 1434 261 1866 694
ship 0.0019 0 299 44 346
ship 0.0018 1131 95 1268 127
ship 0.0017 208 284 484 431
ship 0.0016 -2 323 43 367
ship 0.0016 -2 64 99 305
ship 0.0015 1 227 458 494
ship 0.0013 -1 343 42 385
ship 0.0012 277 207 421 414
ship 0.0012 829 113 1920 677
ship 0.0012 0 266 100 518
ship 0.0011 125 116 196 192
ship 0.0010 -2 142 96 393
