ship 0.6714 11 189 1915 1053
ship 0.4977 181 186 275 219
ship 0.1461 159 176 296 226
ship 0.0169 433 -138 2011 891
ship 0.0160 -4 177 45 299
ship 0.0134 1064 148 1923 768
ship 0.0111 1773 599 1885 625
ship 0.0084 -3 378 44 514
ship 0.0069 1247 103 1838 503
ship 0.0058 1390 224 1780 571
ship 0.0046 -1 210 45 266
ship 0.0046 1654 566 1912 625
ship 0.0041 1744 597 1850 619
ship 0.0038 737 301 1951 918
ship 0.0034 5 157 95 279
ship 0.0029 9 661 1906 1061
ship 0.0023 1731 591 1908 625
ship 0.0021 -45 179 199 251
ship 0.0019 -7 192 51 248
ship 0.0018 -125 -12 1156 131
ship 0.0017 -2 415 44 476
ship 0.0016 1749 557 1952 635
ship 0.0014 0 224 37 287
ship 0.0012 197 170 269 200
ship 0.0011 1542 421 1733 468
ship 0.0011 -54 158 305 299
ship 0.0010 1582 433 1700 462
ship 0.0010 -49 199 92 271
