ship 0.6517 15 195 1914 1043
ship 0.1022 1100 154 1912 757
ship 0.0461 428 -149 2029 901
ship 0.0254 1271 86 1845 518
ship 0.0138 752 296 1944 918
ship 0.0136 -4 176 44 300
ship 0.0068 1741 597 1851 619
ship 0.0068 1659 566 1908 624
ship 0.0062 1772 598 1888 624
ship 0.0045 0 203 37 356
ship 0.0040 -3 212 45 266
ship 0.0038 590 268 688 304
ship 0.0037 590 281 686 314
ship 0.0037 1396 215 1773 580
ship 0.0037 -12 633 54 757
ship 0.0033 0 228 40 286
ship 0.0029 -135 -12 897 132
ship 0.0025 594 233 696 326
ship 0.0024 4 637 90 753
ship 0.0022 1689 590 1888 621
ship 0.0022 909 39 1898 580
ship 0.0015 -4 573 109 791
ship 0.0014 1541 393 1733 468
ship 0.0011 -6 191 46 248
ship 0.0011 0 366 40 525
ship 0.0011 1361 349 1913 708
ship 0.0011 1559 430 1660 458
ship 0.0011 1757 555 1944 634
ship 0.0011 -1 245 36 310
ship 0.0010 1377 23 1931 416
ship 0.0010 20 657 1903 1058
