ship 0.7832 18 245 1892 1161
ship 0.4339 -5 438 378 588
ship 0.0544 1107 162 1893 753
ship 0.0450 200 -103 1989 860
ship 0.0192 1272 96 1809 507
ship 0.0129 10 364 365 665
ship 0.0086 760 292 1941 925
ship 0.0047 1582 435 1701 464
ship 0.0045 -2 168 41 307
ship 0.0045 1388 219 1777 575
ship 0.0045 29 648 1870 1063
ship 0.0043 1548 424 1725 468
ship 0.0032 1144 40 1250 150
ship 0.0030 -7 423 130 608
ship 0.0029 1115 85 1266 134
ship 0.0022 -6 379 242 576
ship 0.0019 -8 128 50 267
ship 0.0018 -57 276 300 598
ship 0.0016 118 448 353 529
ship 0.0015 -4 473 276 625
ship 0.0014 -1 209 42 264
ship 0.0013 944 50 1848 576
ship 0.0013 -5 193 49 243
ship 0.0010 1072 54 1252 139
